2.856052517890930176e-01
1.125431537628173828e+00
7.663409709930419922e-01
5.215655565261840820e-01
4.172675311565399170e-01
3.094879686832427979e-01
2.782998085021972656e-01
2.561519145965576172e-01
2.482216954231262207e-01
2.358497679233551025e-01
2.302163094282150269e-01
2.278192192316055298e-01
2.191299647092819214e-01
2.182329297065734863e-01
2.184829562902450562e-01
2.134012877941131592e-01
2.117526233196258545e-01
2.164311707019805908e-01
2.122385352849960327e-01
2.167993336915969849e-01
2.114215791225433350e-01
2.011031508445739746e-01
2.066821604967117310e-01
2.016576975584030151e-01
2.069893181324005127e-01
2.040670067071914673e-01
1.980173289775848389e-01
2.045418918132781982e-01
1.962203979492187500e-01
1.987128704786300659e-01
1.991338729858398438e-01
1.939133107662200928e-01
2.023734599351882935e-01
1.980631649494171143e-01
1.988999545574188232e-01
2.032394111156463623e-01
1.939276754856109619e-01
1.961885392665863037e-01
2.039328664541244507e-01
2.029617726802825928e-01
1.986427009105682373e-01
2.030124962329864502e-01
1.990167200565338135e-01
1.973211467266082764e-01
1.926131099462509155e-01
2.031562328338623047e-01
1.900306493043899536e-01
1.993491798639297485e-01
1.956082731485366821e-01
1.983669102191925049e-01
1.944007277488708496e-01
1.941262781620025635e-01
1.938237696886062622e-01
1.931722760200500488e-01
1.898951977491378784e-01
1.911621391773223877e-01
1.916220933198928833e-01
1.987805515527725220e-01
1.910300701856613159e-01
1.903175860643386841e-01
1.917267888784408569e-01
2.047865241765975952e-01
1.959442496299743652e-01
1.922199875116348267e-01
1.936356276273727417e-01
1.916804909706115723e-01
1.935942322015762329e-01
1.886842697858810425e-01
1.932108998298645020e-01
1.826730221509933472e-01
1.919749379158020020e-01
1.883827745914459229e-01
1.941971480846405029e-01
1.917636096477508545e-01
1.851326823234558105e-01
1.909111142158508301e-01
1.975234150886535645e-01
1.872743070125579834e-01
1.898100376129150391e-01
1.834712028503417969e-01
1.884772628545761108e-01
1.903128921985626221e-01
1.807843744754791260e-01
1.826031506061553955e-01
1.842736303806304932e-01
1.850920617580413818e-01
1.859724819660186768e-01
1.819096505641937256e-01
1.849854588508605957e-01
1.826186180114746094e-01
1.809627115726470947e-01
1.785716265439987183e-01
1.829716265201568604e-01
1.812134087085723877e-01
1.765286624431610107e-01
1.820443272590637207e-01
1.989809125661849976e-01
1.915203034877777100e-01
1.803757697343826294e-01
1.805934607982635498e-01
1.835306286811828613e-01
1.840439289808273315e-01
1.792010515928268433e-01
1.801977306604385376e-01
1.793281286954879761e-01
1.810762286186218262e-01
1.765996962785720825e-01
1.752564758062362671e-01
1.803579181432723999e-01
1.868428140878677368e-01
1.768886595964431763e-01
1.853125542402267456e-01
1.784104555845260620e-01
1.796686947345733643e-01
1.768902093172073364e-01
1.768670529127120972e-01
1.745877116918563843e-01
1.727873831987380981e-01
1.837241351604461670e-01
1.740236580371856689e-01
1.851367503404617310e-01
1.776842027902603149e-01
1.603717356920242310e-01
1.659032851457595825e-01
1.760484129190444946e-01
1.679406166076660156e-01
1.744185835123062134e-01
1.760398000478744507e-01
1.710766255855560303e-01
1.792522966861724854e-01
1.755152195692062378e-01
1.840865761041641235e-01
1.702432930469512939e-01
1.979139447212219238e-01
1.762172132730484009e-01
1.671054363250732422e-01
1.627149879932403564e-01
1.707831025123596191e-01
1.677725315093994141e-01
1.713267266750335693e-01
1.644129306077957153e-01
1.752615422010421753e-01
1.718128770589828491e-01
2.040489614009857178e-01
1.882077902555465698e-01
1.820813268423080444e-01
1.822619140148162842e-01
1.738962680101394653e-01
1.732285618782043457e-01
1.715388745069503784e-01
1.563981324434280396e-01
1.532585471868515015e-01
1.458540558815002441e-01
1.519235223531723022e-01
1.470902115106582642e-01
1.478809267282485962e-01
1.535225659608840942e-01
1.444535404443740845e-01
1.461181342601776123e-01
1.445370018482208252e-01
1.486331820487976074e-01
1.461755186319351196e-01
1.457975357770919800e-01
1.470670551061630249e-01
1.454166918992996216e-01
1.416614800691604614e-01
1.428606063127517700e-01
1.456045359373092651e-01
1.441000252962112427e-01
1.450519561767578125e-01
1.495342701673507690e-01
1.507491171360015869e-01
1.579401046037673950e-01
1.551980525255203247e-01
1.574536412954330444e-01
1.484319120645523071e-01
1.543959826231002808e-01
1.461603790521621704e-01
1.427244693040847778e-01
1.439538151025772095e-01
1.535695195198059082e-01
1.483456194400787354e-01
1.782365143299102783e-01
1.637218445539474487e-01
1.474588364362716675e-01
1.553359329700469971e-01
1.489324867725372314e-01
1.437530666589736938e-01
1.460478156805038452e-01
1.460836678743362427e-01
1.459039896726608276e-01
1.517549902200698853e-01
1.527700722217559814e-01
1.523526459932327271e-01
1.535642594099044800e-01
1.523057669401168823e-01
1.541773378849029541e-01
1.504831016063690186e-01
1.507274508476257324e-01
1.562609970569610596e-01
1.735217869281768799e-01
1.731636077165603638e-01
1.554817408323287964e-01
1.957181543111801147e-01
1.808259040117263794e-01
1.562984138727188110e-01
1.519453823566436768e-01
1.483400613069534302e-01
1.479119956493377686e-01
1.582656055688858032e-01
1.478836536407470703e-01
1.480352431535720825e-01
1.418723613023757935e-01
1.449869722127914429e-01
1.539430320262908936e-01
1.414860188961029053e-01
1.994381397962570190e-01
2.021684348583221436e-01
1.706223785877227783e-01
1.624224483966827393e-01
1.560228765010833740e-01
1.550564765930175781e-01
1.622432768344879150e-01
1.615264117717742920e-01
1.547904163599014282e-01
1.515429466962814331e-01
1.515464037656784058e-01
1.446352899074554443e-01
1.434031426906585693e-01
1.520736366510391235e-01
1.510605812072753906e-01
1.485214680433273315e-01
1.473209112882614136e-01
1.560773104429244995e-01
1.544098258018493652e-01
1.571229994297027588e-01
1.624070107936859131e-01
1.745382100343704224e-01
1.647486686706542969e-01
1.600594520568847656e-01
1.570288836956024170e-01
1.596866250038146973e-01
1.811973303556442261e-01
1.612234413623809814e-01
1.936886459589004517e-01
1.836189925670623779e-01
1.695875078439712524e-01
1.619765907526016235e-01
1.665751487016677856e-01
1.653960347175598145e-01
1.674983501434326172e-01
1.743126064538955688e-01
1.614782214164733887e-01
1.586754620075225830e-01
1.473150253295898438e-01
1.513638049364089966e-01
1.495475769042968750e-01
1.440879851579666138e-01
1.510917991399765015e-01
1.505845189094543457e-01
1.466019898653030396e-01
1.478233188390731812e-01
1.462243944406509399e-01
1.521658152341842651e-01
1.509719640016555786e-01
1.695102602243423462e-01
1.505705565214157104e-01
1.530578881502151489e-01
1.466079056262969971e-01
1.543143689632415771e-01
1.641848385334014893e-01
1.490778774023056030e-01
1.435867995023727417e-01
1.484380513429641724e-01
1.407071650028228760e-01
1.447453498840332031e-01
1.437533050775527954e-01
1.514094918966293335e-01
1.461154371500015259e-01
1.460487395524978638e-01
1.429156363010406494e-01
1.425980925559997559e-01
1.427562087774276733e-01
1.395993977785110474e-01
1.415951848030090332e-01
1.466717720031738281e-01
1.533477902412414551e-01
1.617749780416488647e-01
1.624856442213058472e-01
1.579931527376174927e-01
1.697831004858016968e-01
1.696396023035049438e-01
1.583203971385955811e-01
1.473909020423889160e-01
1.586018353700637817e-01
1.502716392278671265e-01
1.530596464872360229e-01
1.810112446546554565e-01
2.018775045871734619e-01
2.106866836547851562e-01
1.949799060821533203e-01
1.743789017200469971e-01
1.615385860204696655e-01
1.561607271432876587e-01
1.626319587230682373e-01
1.533391922712326050e-01
1.482741683721542358e-01
1.465602219104766846e-01
1.472687721252441406e-01
1.439902633428573608e-01
1.429378241300582886e-01
1.402024179697036743e-01
1.399488449096679688e-01
1.436702460050582886e-01
1.401511728763580322e-01
1.422102004289627075e-01
1.464532762765884399e-01
1.371319144964218140e-01
1.448011994361877441e-01
1.458149999380111694e-01
1.451012790203094482e-01
1.406430602073669434e-01
1.410652548074722290e-01
1.394144892692565918e-01
1.388761401176452637e-01
1.409037113189697266e-01
1.344669014215469360e-01
1.390351653099060059e-01
1.360649913549423218e-01
1.345685422420501709e-01
1.355011463165283203e-01
1.342260241508483887e-01
1.357471048831939697e-01
1.352938860654830933e-01
1.414384394884109497e-01
1.404258757829666138e-01
1.412488818168640137e-01
1.333584189414978027e-01
1.335054934024810791e-01
1.346105486154556274e-01
1.321078240871429443e-01
1.323812454938888550e-01
1.336397230625152588e-01
1.329616904258728027e-01
1.366813033819198608e-01
1.346048563718795776e-01
1.354766041040420532e-01
1.329141110181808472e-01
1.356200128793716431e-01
1.381251662969589233e-01
1.300756782293319702e-01
1.376450508832931519e-01
1.520578265190124512e-01
1.412055790424346924e-01
1.363351643085479736e-01
1.339116096496582031e-01
1.370995044708251953e-01
1.344574987888336182e-01
1.326462924480438232e-01
1.482370942831039429e-01
2.039043754339218140e-01
1.651825904846191406e-01
1.710551828145980835e-01
3.381193578243255615e-01
2.133017927408218384e-01
1.812204420566558838e-01
1.625015139579772949e-01
1.561798751354217529e-01
1.542818993330001831e-01
1.435436606407165527e-01
1.462285071611404419e-01
1.437727063894271851e-01
1.467891186475753784e-01
1.435926258563995361e-01
1.449846774339675903e-01
1.485130637884140015e-01
1.391405165195465088e-01
1.457331627607345581e-01
1.373224258422851562e-01
1.396854370832443237e-01
1.383099555969238281e-01
1.387196928262710571e-01
1.394123733043670654e-01
1.340665221214294434e-01
1.439891010522842407e-01
1.434147506952285767e-01
1.463473439216613770e-01
1.550856381654739380e-01
1.407939344644546509e-01
1.394442915916442871e-01
1.412222385406494141e-01
1.757903546094894409e-01
1.501767933368682861e-01
1.486364156007766724e-01
1.410969793796539307e-01
1.422720253467559814e-01
1.382521092891693115e-01
1.358436793088912964e-01
1.611977517604827881e-01
1.536846160888671875e-01
1.432382762432098389e-01
1.460574567317962646e-01
1.478732675313949585e-01
1.449767947196960449e-01
1.387607008218765259e-01
1.413975656032562256e-01
1.336542516946792603e-01
1.343875378370285034e-01
1.367584913969039917e-01
1.302730739116668701e-01
1.574127525091171265e-01
1.877676099538803101e-01
1.530054509639739990e-01
1.448370814323425293e-01
1.386942565441131592e-01
1.377923786640167236e-01
1.392209827899932861e-01
1.377168595790863037e-01
1.328687071800231934e-01
1.373806148767471313e-01
1.583651751279830933e-01
2.579656243324279785e-01
2.220537513494491577e-01
1.885824650526046753e-01
1.790995299816131592e-01
1.650583297014236450e-01
1.733278185129165649e-01
1.582398861646652222e-01
1.580828130245208740e-01
1.555332690477371216e-01
1.553036570549011230e-01
1.550843268632888794e-01
1.565716415643692017e-01
1.611817628145217896e-01
1.758361607789993286e-01
1.735449135303497314e-01
1.682078242301940918e-01
1.551886498928070068e-01
2.017525583505630493e-01
2.310438752174377441e-01
1.884362846612930298e-01
1.668278723955154419e-01
1.670518219470977783e-01
1.549698859453201294e-01
1.536893099546432495e-01
1.515498906373977661e-01
1.484446972608566284e-01
1.492156535387039185e-01
1.510734111070632935e-01
1.474313139915466309e-01
1.465466022491455078e-01
1.420169174671173096e-01
1.407060772180557251e-01
1.428143382072448730e-01
1.419120579957962036e-01
1.391712576150894165e-01
1.442275047302246094e-01
1.389443278312683105e-01
1.412957757711410522e-01
1.411596685647964478e-01
1.408589929342269897e-01
1.418140530586242676e-01
1.415525823831558228e-01
1.394277364015579224e-01
1.409681737422943115e-01
1.405845433473587036e-01
1.387674957513809204e-01
1.385321915149688721e-01
1.408734172582626343e-01
1.376149505376815796e-01
1.382778733968734741e-01
1.400416642427444458e-01
1.375099122524261475e-01
1.385921835899353027e-01
1.396436095237731934e-01
1.370891183614730835e-01
1.400484889745712280e-01
1.362688988447189331e-01
1.357832700014114380e-01
1.406742185354232788e-01
1.406893730163574219e-01
1.452949792146682739e-01
1.413323134183883667e-01
1.386883705854415894e-01
1.402054578065872192e-01
1.367780864238739014e-01
1.385599523782730103e-01
1.435467153787612915e-01
1.367659121751785278e-01
1.378700435161590576e-01
1.381078213453292847e-01
1.382794678211212158e-01
1.435305327177047729e-01
1.378571093082427979e-01
1.383690088987350464e-01
1.425891965627670288e-01
1.474436223506927490e-01
1.371168047189712524e-01
1.388343721628189087e-01
1.390068829059600830e-01
1.366333216428756714e-01
1.379466950893402100e-01
1.509935706853866577e-01
1.553022116422653198e-01
1.454863250255584717e-01
1.415564864873886108e-01
1.389811784029006958e-01
1.439676880836486816e-01
1.415757536888122559e-01
1.390993744134902954e-01
1.392373740673065186e-01
1.379071325063705444e-01
1.418757587671279907e-01
1.395018547773361206e-01
1.369049400091171265e-01
1.371548920869827271e-01
1.401558816432952881e-01
1.373989582061767578e-01
1.381962895393371582e-01
1.378151476383209229e-01
1.353068202733993530e-01
1.391698867082595825e-01
1.418398767709732056e-01
1.381021589040756226e-01
1.430359333753585815e-01
1.429095715284347534e-01
1.767671704292297363e-01
1.652053147554397583e-01
1.470079720020294189e-01
1.456808894872665405e-01
1.406331807374954224e-01
1.367040276527404785e-01
1.381381005048751831e-01
1.375209838151931763e-01
1.381441801786422729e-01
1.394563615322113037e-01
1.362522095441818237e-01
1.379621922969818115e-01
1.381264328956604004e-01
1.342559456825256348e-01
1.384621560573577881e-01
1.428986936807632446e-01
1.683064103126525879e-01
1.447815597057342529e-01
1.408374756574630737e-01
1.407336592674255371e-01
1.382059007883071899e-01
1.366377174854278564e-01
1.354092061519622803e-01
1.380813717842102051e-01
1.375278681516647339e-01
1.469327509403228760e-01
1.558621525764465332e-01
1.633920371532440186e-01
1.562338769435882568e-01
1.555879265069961548e-01
1.741115599870681763e-01
1.831219643354415894e-01
2.184250801801681519e-01
2.132696956396102905e-01
1.748850345611572266e-01
1.700516194105148315e-01
1.642164140939712524e-01
1.554508656263351440e-01
1.588357537984848022e-01
1.584168970584869385e-01
1.557452380657196045e-01
1.522304713726043701e-01
1.522091478109359741e-01
1.513662487268447876e-01
1.523329913616180420e-01
1.493838429450988770e-01
1.484219133853912354e-01
1.466753929853439331e-01
1.470321714878082275e-01
1.454062312841415405e-01
1.446272283792495728e-01
1.439298689365386963e-01
1.423534452915191650e-01
1.476732343435287476e-01
1.480629742145538330e-01
1.456191539764404297e-01
1.434975415468215942e-01
1.434988677501678467e-01
1.405280381441116333e-01
1.414426714181900024e-01
1.423262804746627808e-01
1.417554914951324463e-01
1.405722647905349731e-01
1.405258923768997192e-01
1.403593868017196655e-01
1.425089538097381592e-01
1.425607800483703613e-01
1.454105377197265625e-01
1.564618200063705444e-01
1.569264233112335205e-01
1.551851332187652588e-01
1.473180502653121948e-01
1.478019058704376221e-01
1.448599547147750854e-01
1.404442340135574341e-01
1.413144022226333618e-01
1.414874345064163208e-01
1.405031532049179077e-01
1.399812847375869751e-01
1.395026594400405884e-01
1.393117159605026245e-01
1.394190341234207153e-01
1.392054557800292969e-01
1.380760818719863892e-01
1.381297260522842407e-01
1.385709196329116821e-01
1.392037868499755859e-01
1.388128399848937988e-01
1.371029317378997803e-01
1.371747106313705444e-01
1.377737224102020264e-01
1.370509713888168335e-01
1.369381099939346313e-01
1.375888884067535400e-01
1.367687582969665527e-01
1.371005624532699585e-01
1.365541517734527588e-01
1.360143721103668213e-01
1.388489603996276855e-01
1.380472779273986816e-01
1.383486092090606689e-01
1.382495611906051636e-01
1.398802250623703003e-01
1.378390938043594360e-01
1.372070014476776123e-01
1.363761574029922485e-01
1.366009414196014404e-01
1.368571817874908447e-01
1.357205212116241455e-01
1.353147625923156738e-01
1.365348398685455322e-01
1.352107524871826172e-01
1.350845396518707275e-01
1.353875547647476196e-01
1.343549638986587524e-01
1.361161023378372192e-01
1.444487720727920532e-01
1.371610462665557861e-01
1.404794007539749146e-01
1.429366320371627808e-01
1.387331336736679077e-01
1.392426341772079468e-01
1.387533247470855713e-01
1.372977793216705322e-01
1.374726593494415283e-01
1.375076323747634888e-01
1.365165561437606812e-01
1.360966116189956665e-01
1.373990476131439209e-01
1.374897062778472900e-01
1.358338147401809692e-01
1.359215229749679565e-01
1.377161294221878052e-01
1.379368156194686890e-01
1.368144601583480835e-01
1.376109570264816284e-01
1.358895748853683472e-01
1.365094631910324097e-01
1.361813694238662720e-01
1.351816952228546143e-01
1.366354525089263916e-01
1.371075958013534546e-01
1.355685442686080933e-01
1.380434334278106689e-01
1.358556449413299561e-01
1.362829208374023438e-01
1.347370743751525879e-01
1.353890448808670044e-01
1.363713592290878296e-01
1.349365711212158203e-01
1.363305896520614624e-01
1.362464576959609985e-01
1.361854523420333862e-01
1.356656253337860107e-01
1.366420686244964600e-01
1.379103660583496094e-01
1.344879120588302612e-01
1.356078237295150757e-01
1.355893015861511230e-01
1.342838853597640991e-01
1.346797347068786621e-01
1.337428390979766846e-01
1.342750042676925659e-01
1.342518031597137451e-01
1.335890740156173706e-01
1.333242803812026978e-01
1.356949061155319214e-01
1.339398026466369629e-01
1.335176080465316772e-01
1.337613165378570557e-01
1.333906799554824829e-01
1.345742791891098022e-01
1.347269415855407715e-01
1.344051063060760498e-01
1.344448775053024292e-01
1.355685442686080933e-01
1.442938148975372314e-01
1.491964310407638550e-01
1.497378796339035034e-01
1.516623049974441528e-01
1.446768194437026978e-01
1.386251151561737061e-01
1.380076855421066284e-01
1.359220892190933228e-01
1.360123306512832642e-01
1.394264698028564453e-01
1.510507017374038696e-01
1.542942672967910767e-01
1.414740979671478271e-01
1.377008557319641113e-01
1.358734220266342163e-01
1.347642987966537476e-01
1.346559524536132812e-01
1.336770504713058472e-01
1.337201148271560669e-01
1.338414698839187622e-01
1.326590031385421753e-01
1.337095946073532104e-01
1.345814913511276245e-01
1.334117949008941650e-01
1.333766728639602661e-01
1.324204355478286743e-01
1.361930966377258301e-01
1.388359814882278442e-01
1.417818218469619751e-01
1.379938572645187378e-01
1.337158232927322388e-01
1.343293935060501099e-01
1.345661729574203491e-01
1.331923902034759521e-01
1.336072981357574463e-01
1.334235817193984985e-01
1.325699985027313232e-01
1.315912902355194092e-01
1.331532299518585205e-01
1.319661736488342285e-01
1.325760036706924438e-01
1.328673660755157471e-01
1.325025111436843872e-01
1.326174288988113403e-01
1.319892704486846924e-01
1.333290934562683105e-01
1.365132778882980347e-01
1.374040544033050537e-01
1.357553452253341675e-01
1.337832659482955933e-01
1.327607929706573486e-01
1.318983286619186401e-01
1.317461729049682617e-01
1.318122595548629761e-01
1.314175277948379517e-01
1.317962557077407837e-01
1.321165263652801514e-01
1.321206837892532349e-01
1.322521269321441650e-01
1.315362751483917236e-01
1.310567110776901245e-01
1.316793859004974365e-01
1.313387304544448853e-01
1.311233192682266235e-01
1.309755444526672363e-01
1.314235478639602661e-01
1.313094198703765869e-01
1.313690394163131714e-01
1.312500387430191040e-01
1.311512291431427002e-01
1.308614760637283325e-01
1.309171319007873535e-01
1.307590901851654053e-01
1.307174414396286011e-01
1.311421543359756470e-01
1.305478662252426147e-01
1.302072852849960327e-01
1.305778026580810547e-01
1.310753971338272095e-01
1.305209249258041382e-01
1.304116696119308472e-01
1.303689032793045044e-01
1.302969157695770264e-01
1.305768042802810669e-01
1.302909106016159058e-01
1.305201947689056396e-01
1.304008215665817261e-01
1.302343755960464478e-01
1.307013928890228271e-01
1.300718039274215698e-01
1.298614442348480225e-01
1.304649412631988525e-01
1.301958411931991577e-01
1.299291253089904785e-01
1.298345774412155151e-01
1.298160105943679810e-01
1.296330392360687256e-01
1.300823092460632324e-01
1.299807578325271606e-01
1.297899782657623291e-01
1.296275705099105835e-01
1.298943310976028442e-01
1.298264712095260620e-01
1.296222358942031860e-01
1.300537735223770142e-01
1.298912465572357178e-01
1.295476555824279785e-01
1.295361220836639404e-01
1.298273056745529175e-01
1.290473490953445435e-01
1.290581971406936646e-01
1.295367330312728882e-01
1.295930147171020508e-01
1.295970529317855835e-01
1.295192986726760864e-01
1.290659010410308838e-01
1.297865509986877441e-01
1.298065781593322754e-01
1.289608776569366455e-01
1.292453706264495850e-01
1.298913955688476562e-01
1.298564225435256958e-01
1.289691329002380371e-01
1.290184110403060913e-01
1.295156180858612061e-01
1.297009736299514771e-01
1.290448307991027832e-01
1.288345754146575928e-01
1.293755471706390381e-01
1.289993524551391602e-01
1.291819512844085693e-01
1.290475130081176758e-01
1.288579851388931274e-01
1.287081986665725708e-01
1.293069422245025635e-01
1.318647265434265137e-01
1.329940408468246460e-01
1.311475336551666260e-01
1.283816844224929810e-01
1.278578639030456543e-01
1.284471154212951660e-01
1.287502497434616089e-01
1.286805868148803711e-01
1.289510726928710938e-01
1.291725039482116699e-01
1.288844347000122070e-01
1.297681778669357300e-01
1.292431652545928955e-01
1.284464597702026367e-01
1.284110248088836670e-01
1.283108294010162354e-01
1.283702403306961060e-01
1.288391500711441040e-01
1.288625746965408325e-01
1.286232620477676392e-01
1.287105381488800049e-01
1.286700814962387085e-01
1.284021437168121338e-01
1.285360604524612427e-01
1.286380738019943237e-01
1.284120082855224609e-01
1.285494416952133179e-01
1.283703446388244629e-01
1.284150481224060059e-01
1.281789690256118774e-01
1.277301460504531860e-01
1.284786164760589600e-01
1.282587796449661255e-01
1.283857673406600952e-01
1.287919580936431885e-01
1.286495625972747803e-01
1.280454695224761963e-01
1.286895573139190674e-01
1.286556273698806763e-01
1.291670054197311401e-01
1.286368519067764282e-01
1.278556734323501587e-01
1.283903568983078003e-01
1.279521882534027100e-01
1.278975605964660645e-01
1.281971484422683716e-01
1.277666240930557251e-01
1.277263313531875610e-01
1.276360303163528442e-01
1.277240663766860962e-01
1.279063224792480469e-01
1.277537941932678223e-01
1.276568472385406494e-01
1.282710582017898560e-01
1.286099255084991455e-01
1.277857720851898193e-01
1.276856362819671631e-01
1.278012096881866455e-01
1.278257817029953003e-01
1.272414326667785645e-01
1.277014911174774170e-01
1.281431913375854492e-01
1.277685016393661499e-01
1.273973435163497925e-01
1.274716556072235107e-01
1.274080574512481689e-01
1.273857653141021729e-01
1.274034827947616577e-01
1.271492987871170044e-01
1.269726455211639404e-01
1.272194087505340576e-01
1.273594349622726440e-01
1.275964230298995972e-01
1.273192763328552246e-01
1.273975521326065063e-01
1.272623389959335327e-01
1.271435320377349854e-01
1.272328644990921021e-01
1.272058337926864624e-01
1.272330582141876221e-01
1.272427439689636230e-01
1.274088770151138306e-01
1.272631734609603882e-01
1.270548701286315918e-01
1.270235180854797363e-01
1.271554976701736450e-01
1.272773444652557373e-01
1.272283047437667847e-01
1.272961795330047607e-01
1.270737051963806152e-01
1.270918995141983032e-01
1.270831376314163208e-01
1.272819191217422485e-01
1.270958781242370605e-01
1.270024776458740234e-01
1.271168440580368042e-01
1.270587444305419922e-01
1.269829720258712769e-01
1.269945353269577026e-01
1.269128173589706421e-01
1.271401345729827881e-01
1.270695626735687256e-01
1.271490454673767090e-01
1.270038336515426636e-01
1.269961744546890259e-01
1.270402818918228149e-01
1.270412504673004150e-01
1.269770711660385132e-01
1.270876526832580566e-01
1.269540637731552124e-01
1.270589232444763184e-01
1.271775811910629272e-01
1.268597394227981567e-01
1.268450468778610229e-01
1.268698126077651978e-01
1.268571019172668457e-01
1.269354671239852905e-01
1.268893927335739136e-01
1.268781572580337524e-01
1.270105540752410889e-01
1.269587725400924683e-01
1.268517971038818359e-01
1.269949972629547119e-01
1.268696486949920654e-01
1.268229633569717407e-01
1.268127560615539551e-01
1.268772631883621216e-01
1.268964111804962158e-01
1.268661469221115112e-01
1.270799934864044189e-01
1.271913945674896240e-01
1.271835565567016602e-01
1.269490867853164673e-01
1.268333345651626587e-01
1.268664598464965820e-01
1.268548667430877686e-01
1.267016083002090454e-01
1.266798675060272217e-01
1.268765330314636230e-01
1.268138885498046875e-01
1.266417354345321655e-01
1.267183572053909302e-01
1.269183605909347534e-01
1.266508102416992188e-01
1.266943961381912231e-01
1.268177628517150879e-01
1.265536248683929443e-01
1.264979988336563110e-01
1.266446560621261597e-01
1.269147843122482300e-01
1.266854554414749146e-01
1.267113089561462402e-01
1.268190294504165649e-01
1.264921426773071289e-01
1.266016513109207153e-01
1.268089711666107178e-01
1.266341656446456909e-01
1.269104331731796265e-01
1.264259815216064453e-01
1.264246553182601929e-01
1.265359371900558472e-01
1.265029162168502808e-01
1.263788193464279175e-01
1.267844736576080322e-01
1.267913281917572021e-01
1.265948265790939331e-01
1.266296207904815674e-01
1.263718754053115845e-01
1.264576315879821777e-01
1.265030056238174438e-01
1.268374174833297729e-01
1.268349736928939819e-01
1.264960020780563354e-01
1.264993846416473389e-01
1.264443397521972656e-01
1.264080703258514404e-01
1.263824999332427979e-01
1.265492737293243408e-01
1.262485533952713013e-01
1.263947635889053345e-01
1.264097988605499268e-01
1.263462752103805542e-01
1.265789121389389038e-01
1.266765594482421875e-01
1.263390630483627319e-01
1.263907849788665771e-01
1.264444142580032349e-01
1.264377236366271973e-01
1.264165192842483521e-01
1.264664679765701294e-01
1.263425052165985107e-01
1.264009326696395874e-01
1.264793127775192261e-01
1.263110190629959106e-01
1.263727098703384399e-01
1.263616681098937988e-01
1.263022571802139282e-01
1.262951642274856567e-01
1.262129396200180054e-01
1.262844204902648926e-01
1.262990385293960571e-01
1.265790611505508423e-01
1.264524161815643311e-01
1.262558847665786743e-01
1.261994987726211548e-01
1.265222430229187012e-01
1.262766569852828979e-01
1.260999143123626709e-01
1.264473795890808105e-01
1.265369206666946411e-01
1.263028830289840698e-01
1.263498514890670776e-01
1.261327415704727173e-01
1.260307878255844116e-01
1.260697990655899048e-01
1.261668652296066284e-01
1.261859536170959473e-01
1.261710077524185181e-01
1.260916888713836670e-01
1.261003613471984863e-01
1.261206120252609253e-01
1.261421740055084229e-01
1.261624246835708618e-01
1.262550950050354004e-01
1.260484009981155396e-01
1.260202825069427490e-01
1.260410398244857788e-01
1.261468529701232910e-01
1.261559128761291504e-01
1.260597705841064453e-01
1.260878890752792358e-01
1.261024028062820435e-01
1.260868161916732788e-01
1.261355280876159668e-01
1.261316239833831787e-01
1.261015534400939941e-01
1.260968297719955444e-01
1.260241419076919556e-01
1.260198205709457397e-01
1.261306852102279663e-01
1.261636316776275635e-01
1.261344105005264282e-01
1.261478215456008911e-01
1.260676532983779907e-01
1.261315196752548218e-01
1.261822879314422607e-01
1.260769963264465332e-01
1.261338591575622559e-01
1.260588020086288452e-01
1.259433925151824951e-01
1.259872764348983765e-01
1.260546743869781494e-01
1.260665357112884521e-01
1.260621100664138794e-01
1.260242313146591187e-01
1.260110139846801758e-01
1.259949654340744019e-01
1.260683387517929077e-01
1.260469555854797363e-01
1.260697692632675171e-01
1.260168105363845825e-01
1.260234713554382324e-01
1.260218769311904907e-01
1.259833425283432007e-01
1.259965598583221436e-01
1.259581893682479858e-01
1.259274035692214966e-01
1.260166317224502563e-01
1.260914206504821777e-01
1.259854584932327271e-01
1.260345727205276489e-01
1.260325461626052856e-01
1.260014176368713379e-01
1.260258108377456665e-01
1.260325312614440918e-01
1.260278224945068359e-01
1.260212361812591553e-01
1.260264217853546143e-01
1.260052174329757690e-01
1.259326338768005371e-01
1.259499341249465942e-01
1.258694380521774292e-01
1.259120404720306396e-01
1.259882003068923950e-01
1.260110735893249512e-01
1.258820742368698120e-01
1.258605867624282837e-01
1.260289400815963745e-01
1.260022521018981934e-01
1.260133981704711914e-01
1.259802430868148804e-01
1.260091513395309448e-01
1.260259002447128296e-01
1.259247213602066040e-01
1.259068399667739868e-01
1.259851753711700439e-01
1.259441524744033813e-01
1.259427815675735474e-01
1.260001361370086670e-01
1.259983032941818237e-01
1.259136945009231567e-01
1.259005218744277954e-01
1.259210407733917236e-01
1.258681565523147583e-01
1.257830560207366943e-01
1.257505118846893311e-01
1.258262693881988525e-01
1.260143965482711792e-01
1.260194927453994751e-01
1.259473413228988647e-01
1.257655024528503418e-01
1.258279979228973389e-01
1.259072422981262207e-01
1.258886307477951050e-01
1.258424371480941772e-01
1.258377283811569214e-01
1.258704960346221924e-01
1.258130818605422974e-01
1.258743405342102051e-01
1.259576380252838135e-01
1.259233504533767700e-01
1.258711814880371094e-01
1.259055137634277344e-01
1.259007751941680908e-01
1.258358806371688843e-01
1.257906556129455566e-01
1.258057504892349243e-01
1.258235275745391846e-01
1.257875859737396240e-01
1.258338540792465210e-01
1.258709281682968140e-01
1.258279830217361450e-01
1.258323341608047485e-01
1.258029639720916748e-01
1.259138733148574829e-01
1.259777396917343140e-01
1.258970052003860474e-01
1.257930696010589600e-01
1.257522702217102051e-01
1.258090436458587646e-01
1.258299201726913452e-01
1.257351189851760864e-01
1.257594227790832520e-01
1.258250772953033447e-01
1.258947253227233887e-01
1.258297413587570190e-01
1.257389485836029053e-01
1.257203519344329834e-01
1.257751882076263428e-01
1.258035451173782349e-01
1.257230341434478760e-01
1.256629079580307007e-01
1.258058398962020874e-01
1.257440000772476196e-01
1.257536560297012329e-01
1.258349865674972534e-01
1.258163601160049438e-01
1.258201003074645996e-01
1.258426457643508911e-01
1.257990449666976929e-01
1.257824748754501343e-01
1.258563697338104248e-01
