9.604466438293457031e+00
8.082371711730957031e+00
5.228390693664550781e+00
4.444990634918212891e+00
3.258231639862060547e+00
1.945588946342468262e+00
1.525065064430236816e+00
1.384542107582092285e+00
1.310085177421569824e+00
1.261338353157043457e+00
1.240738749504089355e+00
1.217286229133605957e+00
1.195691704750061035e+00
1.181290507316589355e+00
1.167036414146423340e+00
1.160384654998779297e+00
1.150880575180053711e+00
1.144166707992553711e+00
1.148305058479309082e+00
1.143664717674255371e+00
1.131344556808471680e+00
1.113058686256408691e+00
1.126627326011657715e+00
1.112247109413146973e+00
1.114791393280029297e+00
1.106434106826782227e+00
1.097649216651916504e+00
1.092152118682861328e+00
1.095357418060302734e+00
1.093092679977416992e+00
1.099797368049621582e+00
1.093050718307495117e+00
1.106240749359130859e+00
1.097959280014038086e+00
1.096432089805603027e+00
1.099782824516296387e+00
1.082401275634765625e+00
1.094533324241638184e+00
1.102694988250732422e+00
1.095918774604797363e+00
1.098783016204833984e+00
1.119463562965393066e+00
1.093090176582336426e+00
1.099189281463623047e+00
1.090599179267883301e+00
1.093877196311950684e+00
1.074364423751831055e+00
1.079576730728149414e+00
1.074707031250000000e+00
1.080597996711730957e+00
1.079642176628112793e+00
1.067235946655273438e+00
1.065454244613647461e+00
1.063118100166320801e+00
1.066079854965209961e+00
1.054872512817382812e+00
1.049531459808349609e+00
1.051636099815368652e+00
1.065351724624633789e+00
1.054113030433654785e+00
1.054716467857360840e+00
1.081192255020141602e+00
1.066470623016357422e+00
1.068748474121093750e+00
1.073608040809631348e+00
1.075529575347900391e+00
1.054564595222473145e+00
1.042717337608337402e+00
1.042202472686767578e+00
1.046334743499755859e+00
1.051108360290527344e+00
1.042556166648864746e+00
1.048481106758117676e+00
1.044015645980834961e+00
1.040711402893066406e+00
1.056436777114868164e+00
1.052444100379943848e+00
1.041215538978576660e+00
1.046955943107604980e+00
1.047093510627746582e+00
1.052953958511352539e+00
1.046797156333923340e+00
1.031073212623596191e+00
1.021719694137573242e+00
1.025509119033813477e+00
1.048601984977722168e+00
1.050243258476257324e+00
1.029202580451965332e+00
1.028068900108337402e+00
1.027906775474548340e+00
1.033261775970458984e+00
1.029023647308349609e+00
1.026585340499877930e+00
1.024353146553039551e+00
1.024763345718383789e+00
1.039590239524841309e+00
1.044897556304931641e+00
1.036173701286315918e+00
1.020106196403503418e+00
1.022933244705200195e+00
1.017115950584411621e+00
1.024595499038696289e+00
1.019574642181396484e+00
1.012434482574462891e+00
1.018891096115112305e+00
1.013947010040283203e+00
1.009252667427062988e+00
1.002472281455993652e+00
1.024229168891906738e+00
1.027229309082031250e+00
1.021633982658386230e+00
1.032778501510620117e+00
1.023978590965270996e+00
1.012714862823486328e+00
1.011535406112670898e+00
1.001894831657409668e+00
1.000419497489929199e+00
1.006742358207702637e+00
1.007349133491516113e+00
1.010146021842956543e+00
1.029846668243408203e+00
1.007802844047546387e+00
9.785473942756652832e-01
1.002803564071655273e+00
9.967934489250183105e-01
1.002494096755981445e+00
1.008696794509887695e+00
1.003925681114196777e+00
9.987874627113342285e-01
1.019045591354370117e+00
1.012012481689453125e+00
1.018728256225585938e+00
1.002918481826782227e+00
1.033629894256591797e+00
1.016034126281738281e+00
1.002734899520874023e+00
9.956322908401489258e-01
9.979965686798095703e-01
1.004030942916870117e+00
9.996629953384399414e-01
1.001837968826293945e+00
9.940785169601440430e-01
1.004847764968872070e+00
1.062516689300537109e+00
1.035007596015930176e+00
1.018271803855895996e+00
1.016343832015991211e+00
1.018991947174072266e+00
1.004601240158081055e+00
9.977083206176757812e-01
9.629089236259460449e-01
9.405127167701721191e-01
9.410595297813415527e-01
9.381829500198364258e-01
9.358634948730468750e-01
9.382866024971008301e-01
9.369243383407592773e-01
9.376369118690490723e-01
9.318274259567260742e-01
9.383571743965148926e-01
9.394329190254211426e-01
9.387280344963073730e-01
9.344338178634643555e-01
9.375634789466857910e-01
9.307565093040466309e-01
9.289170503616333008e-01
9.324816465377807617e-01
9.319445490837097168e-01
9.345281720161437988e-01
9.302806854248046875e-01
9.467383623123168945e-01
9.385939240455627441e-01
9.523428678512573242e-01
9.492160677909851074e-01
9.479663968086242676e-01
9.423812627792358398e-01
9.423909783363342285e-01
9.450311064720153809e-01
9.316452741622924805e-01
9.407231211662292480e-01
9.404353499412536621e-01
9.454240202903747559e-01
9.977052211761474609e-01
9.573507905006408691e-01
9.458153247833251953e-01
9.457558989524841309e-01
9.367589950561523438e-01
9.316943883895874023e-01
9.283647537231445312e-01
9.323680996894836426e-01
9.333845376968383789e-01
9.380692839622497559e-01
9.362234473228454590e-01
9.482660889625549316e-01
9.474632740020751953e-01
9.394430518150329590e-01
9.450866580009460449e-01
9.415596723556518555e-01
9.418798685073852539e-01
9.462778568267822266e-01
1.003115773200988770e+00
9.668467044830322266e-01
9.477922916412353516e-01
1.012751936912536621e+00
9.972550272941589355e-01
9.587811827659606934e-01
9.502385854721069336e-01
9.396215081214904785e-01
9.432823061943054199e-01
9.618387222290039062e-01
9.449179172515869141e-01
9.352267384529113770e-01
9.265096783638000488e-01
9.354024529457092285e-01
9.418198466300964355e-01
9.380824565887451172e-01
1.037391066551208496e+00
1.009479999542236328e+00
9.718140959739685059e-01
9.657270312309265137e-01
9.567180275917053223e-01
9.555826187133789062e-01
9.658092856407165527e-01
9.665042757987976074e-01
9.513203501701354980e-01
9.504045248031616211e-01
9.424292445182800293e-01
9.346920251846313477e-01
9.366970062255859375e-01
9.420863986015319824e-01
9.446229338645935059e-01
9.370803236961364746e-01
9.352324604988098145e-01
9.415329694747924805e-01
9.465462565422058105e-01
9.450209736824035645e-01
9.504193663597106934e-01
9.769947528839111328e-01
9.634760618209838867e-01
9.610200524330139160e-01
9.504625201225280762e-01
9.480373859405517578e-01
9.820156693458557129e-01
9.617395997047424316e-01
9.855872392654418945e-01
1.006565809249877930e+00
9.733991026878356934e-01
9.584468603134155273e-01
9.621917605400085449e-01
9.683246016502380371e-01
9.726300835609436035e-01
9.855139255523681641e-01
9.596413373947143555e-01
9.465090036392211914e-01
9.394117593765258789e-01
9.410632848739624023e-01
9.383062124252319336e-01
9.335212707519531250e-01
9.426492452621459961e-01
9.433276653289794922e-01
9.404021501541137695e-01
9.387641549110412598e-01
9.327231645584106445e-01
9.364841580390930176e-01
9.451075792312622070e-01
9.645212888717651367e-01
9.409921765327453613e-01
9.330936670303344727e-01
9.283365607261657715e-01
9.427251815795898438e-01
9.552691578865051270e-01
9.415237307548522949e-01
9.350644350051879883e-01
9.400895833969116211e-01
9.358355402946472168e-01
9.301418066024780273e-01
9.316823482513427734e-01
9.373319149017333984e-01
9.327799677848815918e-01
9.290814995765686035e-01
9.227420687675476074e-01
9.302959442138671875e-01
9.212104082107543945e-01
9.239105582237243652e-01
9.248387813568115234e-01
9.329689145088195801e-01
9.464929103851318359e-01
9.522526264190673828e-01
9.665451645851135254e-01
9.535140395164489746e-01
9.572937488555908203e-01
9.755250215530395508e-01
9.517736434936523438e-01
9.410106539726257324e-01
9.512294530868530273e-01
9.498292803764343262e-01
9.470635056495666504e-01
9.877736568450927734e-01
1.026546955108642578e+00
1.036281466484069824e+00
9.997975230216979980e-01
9.710060358047485352e-01
9.544402360916137695e-01
9.446561932563781738e-01
9.424788355827331543e-01
9.347318410873413086e-01
9.310090541839599609e-01
9.285371303558349609e-01
9.264883399009704590e-01
9.200704097747802734e-01
9.180322289466857910e-01
9.167391061782836914e-01
9.134250283241271973e-01
9.160594344139099121e-01
9.203502535820007324e-01
9.213068485260009766e-01
9.228840470314025879e-01
9.199963808059692383e-01
9.185895323753356934e-01
9.213492274284362793e-01
9.219195246696472168e-01
9.137535095214843750e-01
9.133825898170471191e-01
9.141658544540405273e-01
9.117758274078369141e-01
9.096006155014038086e-01
9.095003604888916016e-01
9.071800708770751953e-01
9.155786037445068359e-01
9.091217517852783203e-01
9.033687114715576172e-01
9.062138795852661133e-01
9.122428297996520996e-01
9.090558886528015137e-01
9.115871191024780273e-01
9.124806523323059082e-01
9.118282198905944824e-01
9.041080474853515625e-01
9.034219384193420410e-01
9.045379757881164551e-01
9.061089754104614258e-01
9.025440216064453125e-01
9.015400409698486328e-01
9.014022946357727051e-01
9.092887043952941895e-01
9.075333476066589355e-01
9.037939906120300293e-01
9.063912034034729004e-01
9.066525697708129883e-01
9.063119292259216309e-01
9.007695317268371582e-01
9.112995862960815430e-01
9.205381274223327637e-01
9.169749617576599121e-01
9.067066907882690430e-01
9.037931561470031738e-01
9.080278873443603516e-01
9.084237813949584961e-01
9.042996764183044434e-01
9.330980181694030762e-01
9.837862253189086914e-01
9.437941908836364746e-01
1.023005962371826172e+00
1.173292636871337891e+00
1.031379222869873047e+00
9.742183685302734375e-01
9.479083418846130371e-01
9.334461092948913574e-01
9.288256764411926270e-01
9.251860380172729492e-01
9.228744506835937500e-01
9.167957305908203125e-01
9.251013398170471191e-01
9.224430918693542480e-01
9.201918840408325195e-01
9.196031093597412109e-01
9.176476597785949707e-01
9.200342297554016113e-01
9.125239253044128418e-01
9.137470722198486328e-01
9.099487662315368652e-01
9.144188761711120605e-01
9.113081693649291992e-01
9.065093994140625000e-01
9.208918809890747070e-01
9.139763116836547852e-01
9.199477434158325195e-01
9.332888722419738770e-01
9.189860820770263672e-01
9.138750433921813965e-01
9.190007448196411133e-01
9.581727981567382812e-01
9.425989985466003418e-01
9.241718053817749023e-01
9.171276092529296875e-01
9.212083220481872559e-01
9.159534573554992676e-01
9.091702699661254883e-01
9.491285681724548340e-01
9.319280982017517090e-01
9.203952550888061523e-01
9.262572526931762695e-01
9.216940999031066895e-01
9.201665520668029785e-01
9.135506153106689453e-01
9.085364937782287598e-01
9.082173109054565430e-01
9.059606790542602539e-01
9.060484766960144043e-01
9.071167111396789551e-01
9.487977623939514160e-01
9.719750881195068359e-01
9.391370415687561035e-01
9.211673140525817871e-01
9.130326509475708008e-01
9.087663292884826660e-01
9.083068966865539551e-01
9.049699306488037109e-01
9.026266932487487793e-01
9.062473773956298828e-01
9.728110432624816895e-01
1.100971460342407227e+00
1.066371440887451172e+00
9.981676936149597168e-01
9.753121137619018555e-01
9.686797857284545898e-01
9.684638977050781250e-01
9.519285559654235840e-01
9.478704333305358887e-01
9.519834518432617188e-01
9.457955956459045410e-01
9.428538680076599121e-01
9.477733969688415527e-01
9.648932814598083496e-01
9.785134792327880859e-01
9.750576615333557129e-01
9.559313654899597168e-01
9.455781579017639160e-01
1.029841899871826172e+00
1.047902107238769531e+00
9.988185167312622070e-01
9.740236401557922363e-01
9.574278593063354492e-01
9.463962912559509277e-01
9.423055648803710938e-01
9.336426258087158203e-01
9.344571232795715332e-01
9.359748363494873047e-01
9.331195354461669922e-01
9.308515787124633789e-01
9.191874265670776367e-01
9.152680039405822754e-01
9.147554039955139160e-01
9.146821498870849609e-01
9.139336347579956055e-01
9.134243130683898926e-01
9.149669408798217773e-01
9.137710332870483398e-01
9.118230938911437988e-01
9.121696949005126953e-01
9.111253023147583008e-01
9.100589156150817871e-01
9.116714000701904297e-01
9.110069274902343750e-01
9.107893705368041992e-01
9.112287759780883789e-01
9.103889465332031250e-01
9.088525772094726562e-01
9.084497094154357910e-01
9.087570905685424805e-01
9.081792235374450684e-01
9.078290462493896484e-01
9.083728790283203125e-01
9.075500965118408203e-01
9.073935747146606445e-01
9.078159332275390625e-01
9.073492288589477539e-01
9.061048626899719238e-01
9.046914577484130859e-01
9.110466837882995605e-01
9.105804562568664551e-01
9.150654673576354980e-01
9.115960597991943359e-01
9.076178669929504395e-01
9.077435731887817383e-01
9.077499508857727051e-01
9.079092144966125488e-01
9.106510281562805176e-01
9.070362448692321777e-01
9.075276851654052734e-01
9.081777930259704590e-01
9.094377160072326660e-01
9.095116257667541504e-01
9.092493057250976562e-01
9.070302248001098633e-01
9.088459014892578125e-01
9.139763116836547852e-01
9.112284779548645020e-01
9.067947864532470703e-01
9.046849012374877930e-01
9.059066176414489746e-01
9.060518145561218262e-01
9.223640561103820801e-01
9.214707612991333008e-01
9.156149625778198242e-01
9.104700684547424316e-01
9.094845056533813477e-01
9.084259271621704102e-01
9.090141057968139648e-01
9.053704738616943359e-01
9.056152105331420898e-01
9.061034321784973145e-01
9.060399532318115234e-01
9.049618840217590332e-01
9.064833521842956543e-01
9.047146439552307129e-01
9.052364230155944824e-01
9.070755839347839355e-01
9.032806754112243652e-01
9.045965075492858887e-01
9.036826491355895996e-01
9.047376513481140137e-01
9.058887362480163574e-01
9.035160541534423828e-01
9.146088957786560059e-01
9.205963611602783203e-01
9.637486934661865234e-01
9.354112744331359863e-01
9.179149866104125977e-01
9.129461050033569336e-01
9.068286418914794922e-01
9.053612947463989258e-01
9.039911031723022461e-01
9.010859131813049316e-01
9.043295383453369141e-01
9.044100046157836914e-01
9.038785099983215332e-01
9.027073979377746582e-01
9.007570743560791016e-01
9.017568826675415039e-01
9.032799005508422852e-01
9.098170399665832520e-01
9.417060613632202148e-01
9.298502206802368164e-01
9.185628294944763184e-01
9.107284545898437500e-01
9.060767889022827148e-01
9.059402346611022949e-01
9.045001864433288574e-01
9.034103155136108398e-01
9.053844809532165527e-01
9.149841070175170898e-01
9.256132841110229492e-01
9.360584020614624023e-01
9.268049001693725586e-01
9.273208379745483398e-01
9.439951181411743164e-01
1.021016955375671387e+00
1.019323706626892090e+00
9.932636022567749023e-01
9.602333903312683105e-01
9.556867480278015137e-01
9.486337304115295410e-01
9.372301101684570312e-01
9.323918223381042480e-01
9.281383156776428223e-01
9.241957068443298340e-01
9.216260910034179688e-01
9.218357205390930176e-01
9.228255152702331543e-01
9.204378724098205566e-01
9.172652959823608398e-01
9.143062233924865723e-01
9.142658114433288574e-01
9.144904613494873047e-01
9.111480116844177246e-01
9.111333489418029785e-01
9.078621268272399902e-01
9.083210825920104980e-01
9.123179912567138672e-01
9.104973673820495605e-01
9.099994897842407227e-01
9.093058705329895020e-01
9.080180525779724121e-01
9.059088826179504395e-01
9.052659273147583008e-01
9.053516983985900879e-01
9.053562283515930176e-01
9.045099020004272461e-01
9.056693911552429199e-01
9.054491519927978516e-01
9.038420915603637695e-01
9.068796038627624512e-01
9.110168814659118652e-01
9.185571670532226562e-01
9.186751842498779297e-01
9.177121520042419434e-01
9.115139842033386230e-01
9.100672006607055664e-01
9.109998941421508789e-01
9.038028717041015625e-01
9.013049006462097168e-01
8.999121189117431641e-01
8.999103903770446777e-01
8.996974825859069824e-01
8.988922834396362305e-01
8.982453942298889160e-01
8.992593884468078613e-01
8.981134295463562012e-01
8.977690935134887695e-01
8.971807956695556641e-01
8.978206515312194824e-01
8.974772095680236816e-01
8.966520428657531738e-01
8.975345492362976074e-01
8.969575166702270508e-01
8.968238234519958496e-01
8.966771960258483887e-01
8.957720994949340820e-01
8.960053324699401855e-01
8.965376019477844238e-01
8.962402343750000000e-01
8.962950110435485840e-01
8.956325054168701172e-01
8.970203399658203125e-01
8.978093862533569336e-01
8.976671099662780762e-01
8.975284695625305176e-01
9.001733660697937012e-01
8.972226381301879883e-01
8.967086076736450195e-01
8.964630365371704102e-01
8.956127166748046875e-01
8.958598971366882324e-01
8.948024511337280273e-01
8.950881958007812500e-01
8.949621915817260742e-01
8.943350315093994141e-01
8.951961994171142578e-01
8.936966657638549805e-01
8.941335678100585938e-01
8.936939239501953125e-01
9.030186533927917480e-01
9.018223881721496582e-01
9.005022048950195312e-01
9.002072215080261230e-01
8.977120518684387207e-01
8.983747959136962891e-01
8.965446352958679199e-01
8.955255746841430664e-01
8.952683806419372559e-01
8.966304063796997070e-01
8.942231535911560059e-01
8.943948745727539062e-01
8.945674300193786621e-01
8.947971463203430176e-01
8.938212990760803223e-01
8.940374255180358887e-01
8.949040770530700684e-01
8.955382704734802246e-01
8.948342800140380859e-01
8.937241435050964355e-01
8.938525915145874023e-01
8.933832645416259766e-01
8.940555453300476074e-01
8.949974775314331055e-01
8.940839767456054688e-01
8.935967683792114258e-01
8.937054872512817383e-01
8.954770565032958984e-01
8.935708403587341309e-01
8.926486968994140625e-01
8.935167193412780762e-01
8.927689790725708008e-01
8.921641111373901367e-01
8.919603228569030762e-01
8.923574686050415039e-01
8.926913142204284668e-01
8.925744891166687012e-01
8.918552994728088379e-01
8.949373960494995117e-01
8.944197893142700195e-01
8.927116394042968750e-01
8.923958539962768555e-01
8.917406797409057617e-01
8.906875252723693848e-01
8.908697366714477539e-01
8.909080624580383301e-01
8.898423910140991211e-01
8.896319866180419922e-01
8.901378512382507324e-01
8.901620507240295410e-01
8.908739686012268066e-01
8.903530240058898926e-01
8.907775878906250000e-01
8.899707198143005371e-01
8.896767497062683105e-01
8.902865052223205566e-01
8.905166387557983398e-01
8.908736705780029297e-01
8.909037113189697266e-01
8.937215805053710938e-01
9.003149867057800293e-01
9.101563692092895508e-01
9.120977520942687988e-01
9.123622775077819824e-01
9.125300049781799316e-01
9.065185785293579102e-01
9.007524847984313965e-01
8.973258137702941895e-01
8.954870104789733887e-01
8.976037502288818359e-01
9.101670384407043457e-01
9.200798869132995605e-01
9.054586887359619141e-01
8.960197567939758301e-01
8.935732245445251465e-01
8.916045427322387695e-01
8.912805914878845215e-01
8.904514312744140625e-01
8.904814124107360840e-01
8.901705145835876465e-01
8.897411823272705078e-01
8.899461627006530762e-01
8.889705538749694824e-01
8.883761167526245117e-01
8.890224695205688477e-01
8.900572061538696289e-01
8.918410539627075195e-01
8.970922827720642090e-01
8.933422565460205078e-01
8.919362425804138184e-01
8.897221088409423828e-01
8.897991776466369629e-01
8.894318342208862305e-01
8.887481689453125000e-01
8.882763981819152832e-01
8.885031342506408691e-01
8.887294530868530273e-01
8.875128626823425293e-01
8.884010910987854004e-01
8.875148892402648926e-01
8.877621293067932129e-01
8.880043029785156250e-01
8.880072236061096191e-01
8.880874514579772949e-01
8.875342607498168945e-01
8.885288238525390625e-01
8.935896158218383789e-01
8.917788267135620117e-01
8.887803554534912109e-01
8.867990970611572266e-01
8.859341144561767578e-01
8.855860829353332520e-01
8.855269551277160645e-01
8.857266902923583984e-01
8.860158920288085938e-01
8.858033418655395508e-01
8.862585425376892090e-01
8.856192231178283691e-01
8.852737545967102051e-01
8.852615952491760254e-01
8.853481411933898926e-01
8.850277066230773926e-01
8.848869204521179199e-01
8.848443627357482910e-01
8.846870064735412598e-01
8.851053118705749512e-01
8.848595023155212402e-01
8.846289515495300293e-01
8.850547671318054199e-01
8.845268487930297852e-01
8.848114609718322754e-01
8.845164179801940918e-01
8.842592835426330566e-01
8.843950629234313965e-01
8.845825791358947754e-01
8.843685984611511230e-01
8.840857148170471191e-01
8.838016986846923828e-01
8.839095830917358398e-01
8.842972517013549805e-01
8.839158415794372559e-01
8.840816617012023926e-01
8.838413953781127930e-01
8.841069340705871582e-01
8.835942149162292480e-01
8.838894367218017578e-01
8.839346766471862793e-01
8.834031820297241211e-01
8.835338950157165527e-01
8.835149407386779785e-01
8.834424614906311035e-01
8.834307193756103516e-01
8.834568858146667480e-01
8.835202455520629883e-01
8.833310008049011230e-01
8.833191990852355957e-01
8.835522532463073730e-01
8.829633593559265137e-01
8.832563161849975586e-01
8.834906220436096191e-01
8.830260634422302246e-01
8.829053640365600586e-01
8.828979134559631348e-01
8.834418058395385742e-01
8.832629323005676270e-01
8.828658461570739746e-01
8.826331496238708496e-01
8.827226758003234863e-01
8.824699521064758301e-01
8.827465176582336426e-01
8.825051188468933105e-01
8.828775286674499512e-01
8.823915123939514160e-01
8.825495839118957520e-01
8.828833699226379395e-01
8.825771808624267578e-01
8.821117877960205078e-01
8.828227519989013672e-01
8.826433420181274414e-01
8.826807141304016113e-01
8.823013901710510254e-01
8.824383616447448730e-01
8.824657201766967773e-01
8.824279904365539551e-01
8.826388120651245117e-01
8.826539516448974609e-01
8.822572231292724609e-01
8.820475935935974121e-01
8.816917538642883301e-01
8.822978138923645020e-01
8.818134069442749023e-01
8.819428682327270508e-01
8.818151354789733887e-01
8.815985321998596191e-01
8.818517327308654785e-01
8.852420449256896973e-01
8.850741982460021973e-01
8.842541575431823730e-01
8.831641077995300293e-01
8.830797076225280762e-01
8.824816346168518066e-01
8.829129934310913086e-01
8.826419711112976074e-01
8.821690678596496582e-01
8.818344473838806152e-01
8.824837803840637207e-01
8.818122744560241699e-01
8.817507624626159668e-01
8.815632462501525879e-01
8.813362717628479004e-01
8.811672329902648926e-01
8.811078667640686035e-01
8.815683722496032715e-01
8.813000917434692383e-01
8.816587328910827637e-01
8.813489079475402832e-01
8.811508417129516602e-01
8.812306523323059082e-01
8.811557292938232422e-01
8.810037970542907715e-01
8.809834718704223633e-01
8.807429075241088867e-01
8.807498812675476074e-01
8.810618519783020020e-01
8.810765743255615234e-01
8.805771470069885254e-01
8.808670043945312500e-01
8.813555836677551270e-01
8.815832138061523438e-01
8.810131549835205078e-01
8.808305859565734863e-01
8.811369538307189941e-01
8.816223740577697754e-01
8.817359209060668945e-01
8.810819387435913086e-01
8.811040520668029785e-01
8.808130621910095215e-01
8.807500004768371582e-01
8.808281421661376953e-01
8.804081678390502930e-01
8.807014226913452148e-01
8.806129693984985352e-01
8.807418346405029297e-01
8.802956938743591309e-01
8.803735375404357910e-01
8.806215524673461914e-01
8.802258968353271484e-01
8.803561329841613770e-01
8.805682659149169922e-01
8.805105686187744141e-01
8.802838921546936035e-01
8.797838091850280762e-01
8.804956078529357910e-01
8.805748820304870605e-01
8.802236318588256836e-01
8.799971938133239746e-01
8.800122737884521484e-01
8.797529339790344238e-01
8.790561556816101074e-01
8.789088129997253418e-01
8.788528442382812500e-01
8.788166642189025879e-01
8.787835836410522461e-01
8.789615035057067871e-01
8.790531754493713379e-01
8.789012432098388672e-01
8.788555264472961426e-01
8.787620663642883301e-01
8.788131475448608398e-01
8.789121508598327637e-01
8.788236975669860840e-01
8.787546157836914062e-01
8.787300586700439453e-01
8.789668679237365723e-01
8.789184093475341797e-01
8.787151575088500977e-01
8.788162469863891602e-01
8.788011074066162109e-01
8.786689043045043945e-01
8.787113428115844727e-01
8.786255121231079102e-01
8.788107037544250488e-01
8.786017298698425293e-01
8.786811232566833496e-01
8.787558078765869141e-01
8.785920739173889160e-01
8.784889578819274902e-01
8.786848783493041992e-01
8.785467147827148438e-01
8.786069750785827637e-01
8.786759972572326660e-01
8.785591125488281250e-01
8.784165978431701660e-01
8.785716891288757324e-01
8.787059783935546875e-01
8.785240054130554199e-01
8.784660696983337402e-01
8.785441517829895020e-01
8.786400556564331055e-01
8.785640001296997070e-01
8.785141110420227051e-01
8.784467577934265137e-01
8.783479928970336914e-01
8.784990310668945312e-01
8.784275650978088379e-01
8.783652186393737793e-01
8.783851265907287598e-01
8.783932328224182129e-01
8.783600330352783203e-01
8.784150481224060059e-01
8.782966732978820801e-01
8.783641457557678223e-01
8.783177137374877930e-01
8.784147500991821289e-01
8.781772255897521973e-01
8.783313632011413574e-01
8.784109950065612793e-01
8.783636689186096191e-01
8.782403469085693359e-01
8.782513141632080078e-01
8.782904148101806641e-01
8.783121109008789062e-01
8.783660531044006348e-01
8.783229589462280273e-01
8.787229657173156738e-01
8.782597780227661133e-01
8.782743811607360840e-01
8.782539963722229004e-01
8.780825138092041016e-01
8.781561255455017090e-01
8.781235814094543457e-01
8.781855106353759766e-01
8.781560659408569336e-01
8.781145811080932617e-01
8.780996203422546387e-01
8.779035210609436035e-01
8.779798150062561035e-01
8.779165744781494141e-01
8.781102299690246582e-01
8.780182003974914551e-01
8.779979348182678223e-01
8.779315948486328125e-01
8.780866861343383789e-01
8.779577612876892090e-01
8.779817819595336914e-01
8.777631521224975586e-01
8.779304623603820801e-01
8.778770565986633301e-01
8.779353499412536621e-01
8.778116703033447266e-01
8.780125975608825684e-01
8.778383135795593262e-01
8.780881762504577637e-01
8.778654932975769043e-01
8.777695894241333008e-01
8.777896761894226074e-01
8.777797818183898926e-01
8.778370022773742676e-01
8.775697946548461914e-01
8.777396678924560547e-01
8.778943419456481934e-01
8.775640726089477539e-01
8.776075839996337891e-01
8.778191208839416504e-01
8.776287436485290527e-01
8.775971531867980957e-01
8.777748346328735352e-01
8.776950240135192871e-01
8.776668310165405273e-01
8.777781724929809570e-01
8.776807785034179688e-01
8.775259256362915039e-01
8.776093125343322754e-01
8.777186274528503418e-01
8.776069283485412598e-01
8.774240016937255859e-01
8.774116039276123047e-01
8.776903748512268066e-01
8.778690099716186523e-01
8.775757551193237305e-01
8.773857355117797852e-01
8.773780465126037598e-01
8.774651288986206055e-01
8.775615692138671875e-01
8.772922754287719727e-01
8.773621320724487305e-01
8.774744272232055664e-01
8.773721456527709961e-01
8.773902058601379395e-01
8.774107098579406738e-01
8.773587346076965332e-01
8.773561716079711914e-01
8.773944973945617676e-01
8.773832917213439941e-01
8.775357007980346680e-01
8.773782253265380859e-01
8.774617314338684082e-01
8.774396777153015137e-01
8.772225975990295410e-01
8.773573637008666992e-01
8.771122097969055176e-01
8.773426413536071777e-01
8.773028254508972168e-01
8.771937489509582520e-01
8.771207928657531738e-01
8.771223425865173340e-01
8.770495057106018066e-01
8.770399689674377441e-01
8.767872452735900879e-01
8.766981363296508789e-01
8.767616152763366699e-01
8.767372369766235352e-01
8.767601847648620605e-01
8.767178058624267578e-01
8.768520355224609375e-01
8.767343163490295410e-01
8.766730427742004395e-01
8.766478896141052246e-01
8.767432570457458496e-01
8.767392635345458984e-01
8.767467737197875977e-01
8.767262101173400879e-01
8.767477273941040039e-01
8.767191767692565918e-01
8.766902685165405273e-01
8.766999840736389160e-01
8.766770958900451660e-01
8.766667246818542480e-01
8.766481280326843262e-01
8.766853213310241699e-01
8.766626715660095215e-01
8.766718506813049316e-01
8.766621947288513184e-01
8.767158985137939453e-01
8.766859173774719238e-01
8.766145110130310059e-01
8.766000270843505859e-01
8.766924142837524414e-01
8.765617609024047852e-01
8.765220046043395996e-01
8.765048980712890625e-01
8.765633106231689453e-01
8.765795230865478516e-01
8.765016198158264160e-01
8.765486478805541992e-01
8.765714764595031738e-01
8.765596151351928711e-01
8.765853047370910645e-01
8.764938116073608398e-01
8.765569925308227539e-01
8.765863180160522461e-01
8.765496611595153809e-01
8.765990734100341797e-01
8.765017390251159668e-01
8.765185475349426270e-01
8.765571713447570801e-01
8.765430450439453125e-01
8.765611052513122559e-01
8.763816356658935547e-01
8.765122890472412109e-01
8.765799403190612793e-01
8.765385746955871582e-01
8.766313195228576660e-01
8.765236735343933105e-01
8.766173720359802246e-01
8.764963150024414062e-01
8.764006495475769043e-01
8.765060305595397949e-01
8.764560818672180176e-01
8.763723373413085938e-01
8.764584064483642578e-01
8.763634562492370605e-01
8.764194846153259277e-01
8.764683604240417480e-01
8.764032125473022461e-01
8.763905763626098633e-01
8.763816356658935547e-01
8.764678835868835449e-01
8.764269948005676270e-01
8.763967752456665039e-01
8.763735294342041016e-01
8.763087987899780273e-01
8.763492703437805176e-01
8.764442801475524902e-01
8.765390515327453613e-01
8.762769699096679688e-01
8.762783408164978027e-01
8.764368891716003418e-01
8.764728903770446777e-01
8.763999938964843750e-01
8.763968944549560547e-01
8.764612674713134766e-01
8.763142228126525879e-01
8.762743473052978516e-01
8.763706088066101074e-01
8.763066530227661133e-01
8.763528466224670410e-01
8.763445019721984863e-01
8.762944340705871582e-01
8.762985467910766602e-01
8.762815594673156738e-01
8.762888312339782715e-01
8.763191699981689453e-01
8.762984871864318848e-01
8.763136267662048340e-01
8.763121366500854492e-01
8.762775063514709473e-01
8.763038516044616699e-01
8.761864900588989258e-01
8.762910962104797363e-01
8.762910962104797363e-01
8.762719035148620605e-01
8.762065768241882324e-01
8.762252330780029297e-01
8.762421011924743652e-01
8.762302994728088379e-01
8.762028217315673828e-01
8.762571811676025391e-01
8.762620091438293457e-01
8.763217926025390625e-01
8.762539625167846680e-01
8.761748075485229492e-01
8.761913180351257324e-01
8.762715458869934082e-01
8.761950731277465820e-01
8.761990666389465332e-01
8.761395215988159180e-01
8.762715458869934082e-01
8.760625123977661133e-01
8.761509060859680176e-01
8.761368989944458008e-01
8.761950135231018066e-01
8.762063980102539062e-01
8.761512637138366699e-01
8.761609792709350586e-01
8.760864138603210449e-01
8.761109113693237305e-01
8.762001395225524902e-01
8.761669397354125977e-01
8.761311173439025879e-01
8.760681152343750000e-01
8.761242628097534180e-01
8.761911392211914062e-01
8.760243654251098633e-01
8.761393427848815918e-01
8.761867284774780273e-01
8.761582970619201660e-01
8.761738538742065430e-01
8.760839104652404785e-01
8.760525584220886230e-01
8.759807348251342773e-01
8.760946989059448242e-01
8.760341405868530273e-01
8.759773373603820801e-01
8.760991692543029785e-01
8.760346174240112305e-01
8.759877085685729980e-01
