0.000000000000000000e+00
3.242442131042480469e+00
1.939206838607788086e+00
1.844778656959533691e+00
1.282268166542053223e+00
7.826636433601379395e-01
6.893686056137084961e-01
6.591487526893615723e-01
6.348419785499572754e-01
6.148149371147155762e-01
6.097164154052734375e-01
6.002577543258666992e-01
5.929095149040222168e-01
5.870199203491210938e-01
5.763226151466369629e-01
5.757370591163635254e-01
5.729135870933532715e-01
5.625845193862915039e-01
5.701364278793334961e-01
5.640113353729248047e-01
5.601419210433959961e-01
5.531394481658935547e-01
5.549081563949584961e-01
5.466805696487426758e-01
5.427873730659484863e-01
5.410892367362976074e-01
5.414875149726867676e-01
5.332940816879272461e-01
5.396858453750610352e-01
5.334898233413696289e-01
5.354585051536560059e-01
5.376614928245544434e-01
5.316664576530456543e-01
5.329259634017944336e-01
5.266461968421936035e-01
5.310962200164794922e-01
5.246160030364990234e-01
5.219972729682922363e-01
5.331692695617675781e-01
5.357044935226440430e-01
5.342280864715576172e-01
5.310290455818176270e-01
5.226315855979919434e-01
5.290807485580444336e-01
5.277712941169738770e-01
5.224306583404541016e-01
5.223693847656250000e-01
5.167761445045471191e-01
5.146926045417785645e-01
5.163236856460571289e-01
5.196864604949951172e-01
5.110933780670166016e-01
5.084238648414611816e-01
5.105048418045043945e-01
5.131954550743103027e-01
5.047376751899719238e-01
5.010383129119873047e-01
4.932449460029602051e-01
5.081402063369750977e-01
5.031264424324035645e-01
5.006112456321716309e-01
5.120009779930114746e-01
5.028961300849914551e-01
5.062347054481506348e-01
5.108231306076049805e-01
5.106712579727172852e-01
4.931462109088897705e-01
4.958145320415496826e-01
4.867648482322692871e-01
4.961405396461486816e-01
4.939754903316497803e-01
4.956568777561187744e-01
4.979291260242462158e-01
4.900261163711547852e-01
4.919967055320739746e-01
4.961505532264709473e-01
4.948702752590179443e-01
4.936811625957489014e-01
4.946523606777191162e-01
4.995513856410980225e-01
4.949555993080139160e-01
4.973853528499603271e-01
4.925942420959472656e-01
4.803846180438995361e-01
4.885960817337036133e-01
4.968717992305755615e-01
4.935403168201446533e-01
4.893568158149719238e-01
4.829150438308715820e-01
4.904954135417938232e-01
4.898603856563568115e-01
4.850487709045410156e-01
4.791516959667205811e-01
4.839894175529479980e-01
4.886582791805267334e-01
5.008711814880371094e-01
4.842507243156433105e-01
4.877238869667053223e-01
4.859859645366668701e-01
4.877586364746093750e-01
4.824430644512176514e-01
4.818187057971954346e-01
4.853032529354095459e-01
4.792865812778472900e-01
4.828922450542449951e-01
4.761500358581542969e-01
4.761987924575805664e-01
4.761764407157897949e-01
4.847896695137023926e-01
4.849351942539215088e-01
4.872344136238098145e-01
4.879623055458068848e-01
4.868116080760955811e-01
4.786477982997894287e-01
4.810622036457061768e-01
4.745332002639770508e-01
4.728541672229766846e-01
4.790922105312347412e-01
4.700915217399597168e-01
4.735622107982635498e-01
4.849579632282257080e-01
4.761276543140411377e-01
4.672157466411590576e-01
4.827211797237396240e-01
4.660473465919494629e-01
4.822629690170288086e-01
4.757697284221649170e-01
4.690408706665039062e-01
4.707115888595581055e-01
4.808433651924133301e-01
4.827479720115661621e-01
4.822737872600555420e-01
4.796234667301177979e-01
4.796310961246490479e-01
4.818352758884429932e-01
4.743601083755493164e-01
4.739640355110168457e-01
4.713157415390014648e-01
4.784003496170043945e-01
4.676520526409149170e-01
4.777874052524566650e-01
4.631605148315429688e-01
4.795138239860534668e-01
4.992949068546295166e-01
4.888628423213958740e-01
4.792195260524749756e-01
4.752978086471557617e-01
4.837813377380371094e-01
4.776067137718200684e-01
4.747997820377349854e-01
4.633234739303588867e-01
4.479957520961761475e-01
4.568094313144683838e-01
4.433358609676361084e-01
4.466144740581512451e-01
4.515327215194702148e-01
4.440062940120697021e-01
4.487078487873077393e-01
4.441761970520019531e-01
4.521694183349609375e-01
4.474467337131500244e-01
4.485226571559906006e-01
4.485676884651184082e-01
4.470809102058410645e-01
4.433080554008483887e-01
4.463248550891876221e-01
4.463428556919097900e-01
4.443591535091400146e-01
4.453358948230743408e-01
4.409128129482269287e-01
4.519765973091125488e-01
4.443346560001373291e-01
4.535211920738220215e-01
4.511073231697082520e-01
4.455532729625701904e-01
4.510320723056793213e-01
4.445077180862426758e-01
4.498144388198852539e-01
4.455699026584625244e-01
4.515696465969085693e-01
4.412972331047058105e-01
4.521566033363342285e-01
4.678268134593963623e-01
4.517742395401000977e-01
4.531415998935699463e-01
4.459450542926788330e-01
4.440715014934539795e-01
4.439574182033538818e-01
4.400396347045898438e-01
4.419812858104705811e-01
4.441175758838653564e-01
4.427324831485748291e-01
4.406471252441406250e-01
4.492732882499694824e-01
4.474356770515441895e-01
4.433965086936950684e-01
4.448691010475158691e-01
4.456616938114166260e-01
4.483124315738677979e-01
4.448256194591522217e-01
4.838967323303222656e-01
4.470939636230468750e-01
4.504699409008026123e-01
4.750580191612243652e-01
4.717409312725067139e-01
4.584953486919403076e-01
4.527480900287628174e-01
4.444275796413421631e-01
4.469705224037170410e-01
4.579832851886749268e-01
4.469433426856994629e-01
4.418354332447052002e-01
4.424143433570861816e-01
4.456151127815246582e-01
4.411202073097229004e-01
4.496726989746093750e-01
4.898551404476165771e-01
4.604042172431945801e-01
4.592305421829223633e-01
4.566715061664581299e-01
4.518920779228210449e-01
4.528795182704925537e-01
4.585657119750976562e-01
4.571766853332519531e-01
4.517284929752349854e-01
4.496883451938629150e-01
4.441798329353332520e-01
4.440444409847259521e-01
4.453877210617065430e-01
4.431619346141815186e-01
4.455748498439788818e-01
4.433390498161315918e-01
4.418168962001800537e-01
4.412093460559844971e-01
4.501836001873016357e-01
4.440402090549468994e-01
4.432419538497924805e-01
4.585731327533721924e-01
4.524823427200317383e-01
4.528116583824157715e-01
4.482124447822570801e-01
4.420284628868103027e-01
4.542744457721710205e-01
4.594233334064483643e-01
4.506759941577911377e-01
4.769751429557800293e-01
4.572020769119262695e-01
4.487047493457794189e-01
4.506098031997680664e-01
4.541989862918853760e-01
4.557237029075622559e-01
4.597285389900207520e-01
4.524612426757812500e-01
4.415548145771026611e-01
4.458478987216949463e-01
4.437707364559173584e-01
4.436934590339660645e-01
4.400015771389007568e-01
4.486864507198333740e-01
4.448736906051635742e-01
4.431019425392150879e-01
4.426416158676147461e-01
4.407818019390106201e-01
4.399204552173614502e-01
4.447655677795410156e-01
4.449042081832885742e-01
4.434700012207031250e-01
4.363898634910583496e-01
4.386451840400695801e-01
4.418801665306091309e-01
4.402982294559478760e-01
4.483418762683868408e-01
4.428400695323944092e-01
4.385052621364593506e-01
4.433601498603820801e-01
4.362849891185760498e-01
4.393793642520904541e-01
4.381104409694671631e-01
4.385884106159210205e-01
4.366329312324523926e-01
4.356034100055694580e-01
4.375016987323760986e-01
4.329560399055480957e-01
4.370090067386627197e-01
4.344651401042938232e-01
4.375963509082794189e-01
4.474892020225524902e-01
4.417872726917266846e-01
4.581029117107391357e-01
4.477943181991577148e-01
4.403279721736907959e-01
4.548023939132690430e-01
4.445773363113403320e-01
4.442363381385803223e-01
4.436942636966705322e-01
4.506202042102813721e-01
4.433171451091766357e-01
4.579289555549621582e-01
4.728325307369232178e-01
4.760768115520477295e-01
4.638766050338745117e-01
4.542582631111145020e-01
4.504230618476867676e-01
4.464130699634552002e-01
4.361599683761596680e-01
4.383907318115234375e-01
4.406572282314300537e-01
4.402459561824798584e-01
4.350486099720001221e-01
4.328398108482360840e-01
4.339761137962341309e-01
4.350574314594268799e-01
4.328137636184692383e-01
4.291648268699645996e-01
4.384826421737670898e-01
4.358319044113159180e-01
4.351123273372650146e-01
4.370306432247161865e-01
4.315103292465209961e-01
4.327980279922485352e-01
4.306709170341491699e-01
4.338822364807128906e-01
4.302667081356048584e-01
4.305058121681213379e-01
4.302950799465179443e-01
4.292192161083221436e-01
4.322272539138793945e-01
4.272106587886810303e-01
4.328690767288208008e-01
4.308409094810485840e-01
4.263309240341186523e-01
4.295497834682464600e-01
4.323597550392150879e-01
4.302619397640228271e-01
4.272999167442321777e-01
4.287580549716949463e-01
4.271491467952728271e-01
4.295799136161804199e-01
4.266587495803833008e-01
4.276901781558990479e-01
4.301762282848358154e-01
4.263564050197601318e-01
4.242182374000549316e-01
4.258397221565246582e-01
4.303221404552459717e-01
4.283818006515502930e-01
4.244068562984466553e-01
4.309065937995910645e-01
4.269517958164215088e-01
4.236795008182525635e-01
4.284818470478057861e-01
4.301864206790924072e-01
4.243199527263641357e-01
4.326508641242980957e-01
4.280906319618225098e-01
4.270332455635070801e-01
4.251402020454406738e-01
4.312816858291625977e-01
4.263607561588287354e-01
4.375013411045074463e-01
4.395306706428527832e-01
4.371241331100463867e-01
5.055924654006958008e-01
4.997047781944274902e-01
4.755743741989135742e-01
4.493512213230133057e-01
4.414596259593963623e-01
4.346008002758026123e-01
4.346664845943450928e-01
4.368101060390472412e-01
4.326848983764648438e-01
4.300401508808135986e-01
4.339356124401092529e-01
4.356781244277954102e-01
4.306800067424774170e-01
4.286090135574340820e-01
4.372337758541107178e-01
4.294405281543731689e-01
4.293851256370544434e-01
4.283829927444458008e-01
4.276628494262695312e-01
4.300231933593750000e-01
4.280632138252258301e-01
4.295375049114227295e-01
4.335608780384063721e-01
4.255072474479675293e-01
4.293371737003326416e-01
4.347918331623077393e-01
4.318293333053588867e-01
4.310146272182464600e-01
4.315049946308135986e-01
4.415964782238006592e-01
4.526739418506622314e-01
4.319627881050109863e-01
4.349760711193084717e-01
4.341292679309844971e-01
4.322202503681182861e-01
4.295988678932189941e-01
4.395888447761535645e-01
4.408790171146392822e-01
4.347830712795257568e-01
4.374768435955047607e-01
4.310791194438934326e-01
4.300993978977203369e-01
4.337907135486602783e-01
4.229155182838439941e-01
4.319376647472381592e-01
4.248599112033843994e-01
4.255226850509643555e-01
4.305702745914459229e-01
4.455568492412567139e-01
4.449795484542846680e-01
4.402603805065155029e-01
4.332925975322723389e-01
4.325843453407287598e-01
4.265700280666351318e-01
4.233677983283996582e-01
4.242935478687286377e-01
4.259194731712341309e-01
4.263528585433959961e-01
4.654418528079986572e-01
4.913366734981536865e-01
4.957729578018188477e-01
4.627240598201751709e-01
4.511289298534393311e-01
4.583083093166351318e-01
4.468540251255035400e-01
4.501904845237731934e-01
4.399635493755340576e-01
4.495028853416442871e-01
4.436077177524566650e-01
4.420641362667083740e-01
4.430535733699798584e-01
4.571116566658020020e-01
4.516462981700897217e-01
4.528527259826660156e-01
4.409156143665313721e-01
4.441162645816802979e-01
4.785533845424652100e-01
4.765363633632659912e-01
4.625088572502136230e-01
4.617904126644134521e-01
4.449503719806671143e-01
4.461213946342468262e-01
4.399977922439575195e-01
4.389123916625976562e-01
4.382177293300628662e-01
4.374275505542755127e-01
4.370557963848114014e-01
4.375827908515930176e-01
4.301196634769439697e-01
4.322418868541717529e-01
4.332719147205352783e-01
4.303577840328216553e-01
4.300627410411834717e-01
4.318000674247741699e-01
4.286856949329376221e-01
4.316408038139343262e-01
4.296222329139709473e-01
4.292631149291992188e-01
4.280570149421691895e-01
4.281328618526458740e-01
4.269275069236755371e-01
4.297017753124237061e-01
4.280552268028259277e-01
4.290462136268615723e-01
4.279031455516815186e-01
4.295166134834289551e-01
4.253959357738494873e-01
4.292081296443939209e-01
4.283505976200103760e-01
4.255942702293395996e-01
4.293011426925659180e-01
4.264703392982482910e-01
4.263048470020294189e-01
4.283047914505004883e-01
4.248373806476593018e-01
4.279514253139495850e-01
4.283229112625122070e-01
4.267581999301910400e-01
4.259074032306671143e-01
4.290212094783782959e-01
4.264136850833892822e-01
4.276902079582214355e-01
4.257359802722930908e-01
4.274471998214721680e-01
4.272246658802032471e-01
4.246071279048919678e-01
4.267923235893249512e-01
4.285276830196380615e-01
4.260659217834472656e-01
4.277801513671875000e-01
4.232347309589385986e-01
4.284472167491912842e-01
4.269916713237762451e-01
4.225434362888336182e-01
4.248643219470977783e-01
4.320403933525085449e-01
4.260642826557159424e-01
4.250279664993286133e-01
4.259477257728576660e-01
4.245839715003967285e-01
4.306979477405548096e-01
4.254975020885467529e-01
4.268258512020111084e-01
4.281522631645202637e-01
4.276773631572723389e-01
4.235709607601165771e-01
4.246144592761993408e-01
4.251855313777923584e-01
4.232035577297210693e-01
4.266591072082519531e-01
4.219661653041839600e-01
4.243327677249908447e-01
4.257752597332000732e-01
4.251078963279724121e-01
4.225254058837890625e-01
4.269489645957946777e-01
4.228582680225372314e-01
4.238588213920593262e-01
4.270858466625213623e-01
4.219376444816589355e-01
4.208062291145324707e-01
4.243063032627105713e-01
4.276810586452484131e-01
4.347943365573883057e-01
4.446639120578765869e-01
4.297097027301788330e-01
4.297952950000762939e-01
4.254961609840393066e-01
4.232652783393859863e-01
4.270448684692382812e-01
4.230936765670776367e-01
4.223464429378509521e-01
4.239203035831451416e-01
4.218715429306030273e-01
4.262225329875946045e-01
4.236527979373931885e-01
4.199849069118499756e-01
4.250264763832092285e-01
4.239568412303924561e-01
4.210292994976043701e-01
4.307002425193786621e-01
4.409970045089721680e-01
4.332024455070495605e-01
4.257587790489196777e-01
4.244842529296875000e-01
4.269880354404449463e-01
4.252505600452423096e-01
4.217830300331115723e-01
4.252814054489135742e-01
4.238952100276947021e-01
4.260983765125274658e-01
4.280047118663787842e-01
4.294062554836273193e-01
4.283392727375030518e-01
4.286767840385437012e-01
4.898800849914550781e-01
4.578653872013092041e-01
4.395526945590972900e-01
4.446685910224914551e-01
4.437483549118041992e-01
4.419253170490264893e-01
4.407251179218292236e-01
4.305966496467590332e-01
4.276638925075531006e-01
4.271655082702636719e-01
4.255841076374053955e-01
4.275124967098236084e-01
4.300997853279113770e-01
4.269682466983795166e-01
4.256525337696075439e-01
4.238268435001373291e-01
4.257196784019470215e-01
4.233551621437072754e-01
4.247864186763763428e-01
4.246426522731781006e-01
4.225923717021942139e-01
4.236039817333221436e-01
4.240197241306304932e-01
4.214910268783569336e-01
4.234699010848999023e-01
4.240680038928985596e-01
4.217409491539001465e-01
4.239050447940826416e-01
4.219564795494079590e-01
4.209876060485839844e-01
4.227738678455352783e-01
4.230025112628936768e-01
4.231245815753936768e-01
4.215865433216094971e-01
4.200734794139862061e-01
4.214996993541717529e-01
4.227949678897857666e-01
4.227310419082641602e-01
4.214999377727508545e-01
4.204196035861968994e-01
4.222658574581146240e-01
4.207746684551239014e-01
4.233895242214202881e-01
4.229006171226501465e-01
4.203172624111175537e-01
4.193097054958343506e-01
4.191064536571502686e-01
4.195939898490905762e-01
4.202195405960083008e-01
4.202237427234649658e-01
4.191171526908874512e-01
4.188810288906097412e-01
4.207421243190765381e-01
4.197922348976135254e-01
4.190601706504821777e-01
4.182915985584259033e-01
4.178970754146575928e-01
4.202221333980560303e-01
4.189389944076538086e-01
4.183596372604370117e-01
4.196014702320098877e-01
4.188901484012603760e-01
4.179342985153198242e-01
4.203368425369262695e-01
4.186936616897583008e-01
4.201893806457519531e-01
4.191496074199676514e-01
4.179982841014862061e-01
4.187420606613159180e-01
4.192044436931610107e-01
4.192516505718231201e-01
4.189992845058441162e-01
4.195784330368041992e-01
4.185101687908172607e-01
4.189229011535644531e-01
4.186696112155914307e-01
4.176716506481170654e-01
4.193306863307952881e-01
4.189079105854034424e-01
4.181895852088928223e-01
4.194320738315582275e-01
4.180106818675994873e-01
4.176045656204223633e-01
4.183446466922760010e-01
4.178564846515655518e-01
4.185048341751098633e-01
4.240965545177459717e-01
4.179189801216125488e-01
4.163613021373748779e-01
4.197133481502532959e-01
4.176395833492279053e-01
4.173532426357269287e-01
4.181329309940338135e-01
4.176222980022430420e-01
4.169805645942687988e-01
4.186429977416992188e-01
4.188865125179290771e-01
4.165810942649841309e-01
4.164796769618988037e-01
4.179687201976776123e-01
4.169885516166687012e-01
4.164594113826751709e-01
4.167416393756866455e-01
4.173770546913146973e-01
4.163162410259246826e-01
4.176248013973236084e-01
4.160866737365722656e-01
4.171867966651916504e-01
4.188941419124603271e-01
4.156819880008697510e-01
4.156703948974609375e-01
4.177868664264678955e-01
4.165517687797546387e-01
4.165011644363403320e-01
4.160756170749664307e-01
4.178591072559356689e-01
4.168442487716674805e-01
4.153451323509216309e-01
4.161580204963684082e-01
4.147863686084747314e-01
4.162851274013519287e-01
4.164929986000061035e-01
4.174823760986328125e-01
4.171590805053710938e-01
4.160564243793487549e-01
4.187597930431365967e-01
4.158173203468322754e-01
4.145569503307342529e-01
4.167417883872985840e-01
4.161967933177947998e-01
4.164254963397979736e-01
4.159015715122222900e-01
4.156106412410736084e-01
4.160275161266326904e-01
4.168741106986999512e-01
4.150473177433013916e-01
4.161423146724700928e-01
4.156919717788696289e-01
4.155893921852111816e-01
4.163692295551300049e-01
4.157635271549224854e-01
4.157836139202117920e-01
4.146719872951507568e-01
4.164976477622985840e-01
4.161896705627441406e-01
4.142933189868927002e-01
4.195876419544219971e-01
4.218196868896484375e-01
4.187895059585571289e-01
4.244040846824645996e-01
4.253382980823516846e-01
4.216744005680084229e-01
4.199945032596588135e-01
4.183792173862457275e-01
4.156969785690307617e-01
4.175644516944885254e-01
4.259697198867797852e-01
4.242058396339416504e-01
4.181563258171081543e-01
4.165332019329071045e-01
4.170899093151092529e-01
4.163870811462402344e-01
4.168708026409149170e-01
4.157901406288146973e-01
4.156506657600402832e-01
4.184346497058868408e-01
4.157724976539611816e-01
4.148065149784088135e-01
4.162918329238891602e-01
4.149851799011230469e-01
4.173904061317443848e-01
4.161144793033599854e-01
4.173676669597625732e-01
4.128937721252441406e-01
4.143718183040618896e-01
4.170555174350738525e-01
4.158251583576202393e-01
4.152995944023132324e-01
4.154399037361145020e-01
4.147661626338958740e-01
4.140139520168304443e-01
4.158900976181030273e-01
4.166169166564941406e-01
4.145140945911407471e-01
4.157151877880096436e-01
4.155617356300354004e-01
4.146015942096710205e-01
4.150680601596832275e-01
4.148608148097991943e-01
4.148884713649749756e-01
4.154833555221557617e-01
4.166319966316223145e-01
4.139290452003479004e-01
4.129161238670349121e-01
4.137669205665588379e-01
4.145672023296356201e-01
4.146995246410369873e-01
4.140779376029968262e-01
4.149028956890106201e-01
4.160922467708587646e-01
4.153658747673034668e-01
4.143705666065216064e-01
4.142580330371856689e-01
4.141166806221008301e-01
4.141764342784881592e-01
4.148266017436981201e-01
4.144288599491119385e-01
4.144564568996429443e-01
4.144395589828491211e-01
4.147446751594543457e-01
4.135374426841735840e-01
4.138421714305877686e-01
4.141897857189178467e-01
4.142953753471374512e-01
4.145711958408355713e-01
4.145660102367401123e-01
4.141271412372589111e-01
4.145424067974090576e-01
4.148521125316619873e-01
4.140724837779998779e-01
4.140849113464355469e-01
4.143221080303192139e-01
4.145054519176483154e-01
4.136018157005310059e-01
4.140629470348358154e-01
4.146305918693542480e-01
4.140314459800720215e-01
4.143747091293334961e-01
4.141002595424652100e-01
4.143618345260620117e-01
4.142608642578125000e-01
4.136261940002441406e-01
4.140937626361846924e-01
4.136411249637603760e-01
4.145028889179229736e-01
4.143889248371124268e-01
4.132288992404937744e-01
4.140042960643768311e-01
4.142248332500457764e-01
4.146642684936523438e-01
4.137316346168518066e-01
4.141793847084045410e-01
4.139585196971893311e-01
4.143362641334533691e-01
4.139171838760375977e-01
4.141196012496948242e-01
4.141006767749786377e-01
4.140678942203521729e-01
4.140139520168304443e-01
4.135680496692657471e-01
4.138365089893341064e-01
4.140418767929077148e-01
4.139067530632019043e-01
4.135781526565551758e-01
4.146886765956878662e-01
4.141973555088043213e-01
4.138073027133941650e-01
4.137979447841644287e-01
4.141201376914978027e-01
4.136419296264648438e-01
4.141520857810974121e-01
4.137158095836639404e-01
4.138155877590179443e-01
4.142456948757171631e-01
4.140904247760772705e-01
4.131209254264831543e-01
4.134086668491363525e-01
4.146847426891326904e-01
4.139512777328491211e-01
4.140644967555999756e-01
4.130565822124481201e-01
4.139522314071655273e-01
4.141616225242614746e-01
4.131574034690856934e-01
4.137363433837890625e-01
4.134880006313323975e-01
4.138224422931671143e-01
4.135973751544952393e-01
4.136942028999328613e-01
4.135995805263519287e-01
4.143033325672149658e-01
4.122882783412933350e-01
4.140396714210510254e-01
4.162049889564514160e-01
4.157598316669464111e-01
4.145695269107818604e-01
4.142816662788391113e-01
4.146509468555450439e-01
4.142936468124389648e-01
4.134061038494110107e-01
4.139845669269561768e-01
4.127427041530609131e-01
4.130300581455230713e-01
4.142489433288574219e-01
4.139145314693450928e-01
4.138612151145935059e-01
4.136490821838378906e-01
4.130049347877502441e-01
4.135113358497619629e-01
4.136594831943511963e-01
4.134720265865325928e-01
4.133371412754058838e-01
4.130206406116485596e-01
4.131116867065429688e-01
4.128193855285644531e-01
4.135574102401733398e-01
4.135686159133911133e-01
4.131445884704589844e-01
4.131738245487213135e-01
4.134687185287475586e-01
4.140714704990386963e-01
4.128870964050292969e-01
4.137254953384399414e-01
4.135666191577911377e-01
4.127211272716522217e-01
4.130023419857025146e-01
4.137907326221466064e-01
4.134389758110046387e-01
4.135124385356903076e-01
4.128931760787963867e-01
4.131604433059692383e-01
4.138000309467315674e-01
4.130838215351104736e-01
4.131380915641784668e-01
4.132477045059204102e-01
4.133015573024749756e-01
4.133817851543426514e-01
4.132480025291442871e-01
4.136784374713897705e-01
4.133026003837585449e-01
4.128632247447967529e-01
4.132310152053833008e-01
4.140117764472961426e-01
4.129930436611175537e-01
4.120768308639526367e-01
4.131712019443511963e-01
4.137226641178131104e-01
4.132544398307800293e-01
4.133676886558532715e-01
4.133661389350891113e-01
4.126089513301849365e-01
4.128367006778717041e-01
4.132333695888519287e-01
4.128634035587310791e-01
4.125505685806274414e-01
4.126917421817779541e-01
4.127240777015686035e-01
4.125280976295471191e-01
4.129026234149932861e-01
4.129601120948791504e-01
4.125842154026031494e-01
4.124719500541687012e-01
4.121111929416656494e-01
4.123016595840454102e-01
4.125203490257263184e-01
4.127402901649475098e-01
4.127506911754608154e-01
4.126963019371032715e-01
4.125225841999053955e-01
4.124622046947479248e-01
4.125367999076843262e-01
4.124811589717864990e-01
4.124652147293090820e-01
4.126733839511871338e-01
4.126819670200347900e-01
4.125123023986816406e-01
4.123423993587493896e-01
4.123620986938476562e-01
4.123201966285705566e-01
4.126394093036651611e-01
4.125818610191345215e-01
4.125647544860839844e-01
4.122292399406433105e-01
4.124171137809753418e-01
4.127789735794067383e-01
4.123823046684265137e-01
4.125950634479522705e-01
4.127304852008819580e-01
4.125442504882812500e-01
4.124388694763183594e-01
4.122428297996520996e-01
4.124921262264251709e-01
4.123580157756805420e-01
4.125544428825378418e-01
4.125190079212188721e-01
4.124010205268859863e-01
4.123492538928985596e-01
4.124965667724609375e-01
4.123983085155487061e-01
4.125480055809020996e-01
4.123744964599609375e-01
4.122115671634674072e-01
4.124647676944732666e-01
4.124733805656433105e-01
4.124747216701507568e-01
4.124275445938110352e-01
4.123598933219909668e-01
4.124964475631713867e-01
4.126047194004058838e-01
4.121458232402801514e-01
4.121108055114746094e-01
4.123181700706481934e-01
4.121913611888885498e-01
4.124043583869934082e-01
4.124903082847595215e-01
4.125935733318328857e-01
4.123353362083435059e-01
4.122874140739440918e-01
4.124583601951599121e-01
4.124123156070709229e-01
4.120309948921203613e-01
4.120341241359710693e-01
4.122553169727325439e-01
4.123321473598480225e-01
4.123449623584747314e-01
4.123181998729705811e-01
4.124890565872192383e-01
4.124685227870941162e-01
4.120244681835174561e-01
4.122489094734191895e-01
4.124177992343902588e-01
4.123255014419555664e-01
4.120683372020721436e-01
4.123111069202423096e-01
4.122073054313659668e-01
4.120179712772369385e-01
4.123424291610717773e-01
4.124375879764556885e-01
4.122460484504699707e-01
4.120192229747772217e-01
4.121716618537902832e-01
4.122344553470611572e-01
4.119710624217987061e-01
4.123681783676147461e-01
4.123546183109283447e-01
4.120066463947296143e-01
4.121898114681243896e-01
4.118606746196746826e-01
4.123372137546539307e-01
4.123194813728332520e-01
4.122844636440277100e-01
4.123551547527313232e-01
4.123635888099670410e-01
4.118052124977111816e-01
4.118738174438476562e-01
4.121185839176177979e-01
4.122689366340637207e-01
4.124112427234649658e-01
4.121348559856414795e-01
4.120185077190399170e-01
4.116370081901550293e-01
4.117396175861358643e-01
4.121022820472717285e-01
4.123065769672393799e-01
4.122467637062072754e-01
4.121785461902618408e-01
4.122877717018127441e-01
4.119272828102111816e-01
4.122560620307922363e-01
4.121578335762023926e-01
4.122824072837829590e-01
4.122446179389953613e-01
4.117140471935272217e-01
4.117081463336944580e-01
4.121411740779876709e-01
4.120086133480072021e-01
4.120720028877258301e-01
4.119678735733032227e-01
4.119783639907836914e-01
4.118321239948272705e-01
4.118830561637878418e-01
4.120981395244598389e-01
4.120351970195770264e-01
4.119547605514526367e-01
4.119829535484313965e-01
4.120343029499053955e-01
4.121274948120117188e-01
4.119862318038940430e-01
4.120751917362213135e-01
4.123653471469879150e-01
4.119524657726287842e-01
4.116920828819274902e-01
4.116759002208709717e-01
4.120369255542755127e-01
4.121574759483337402e-01
4.116315543651580811e-01
4.119348824024200439e-01
4.121300280094146729e-01
4.115370213985443115e-01
4.114976227283477783e-01
4.117406904697418213e-01
4.117124378681182861e-01
4.120465517044067383e-01
4.119216501712799072e-01
4.117631316184997559e-01
4.116530716419219971e-01
4.116447865962982178e-01
4.116314649581909180e-01
4.116291999816894531e-01
4.116987884044647217e-01
4.116747677326202393e-01
4.116187989711761475e-01
4.115533530712127686e-01
4.114699661731719971e-01
4.117033779621124268e-01
4.118490517139434814e-01
4.118026494979858398e-01
4.116003811359405518e-01
4.116267859935760498e-01
4.117404818534851074e-01
4.117087721824645996e-01
4.115816950798034668e-01
4.116160571575164795e-01
4.115237891674041748e-01
4.115044474601745605e-01
4.116201996803283691e-01
4.116569161415100098e-01
4.116923511028289795e-01
4.117122888565063477e-01
4.115935862064361572e-01
4.115141034126281738e-01
4.115574061870574951e-01
4.114775359630584717e-01
4.114656746387481689e-01
4.114415049552917480e-01
4.114343523979187012e-01
4.114991724491119385e-01
4.115396440029144287e-01
4.115154147148132324e-01
4.116740226745605469e-01
4.116775393486022949e-01
4.115807414054870605e-01
4.115036427974700928e-01
4.114370048046112061e-01
4.115295708179473877e-01
4.115842282772064209e-01
4.115949869155883789e-01
4.116022884845733643e-01
4.115366339683532715e-01
4.114868342876434326e-01
4.116047322750091553e-01
4.115276932716369629e-01
4.115660786628723145e-01
4.115979373455047607e-01
4.115657806396484375e-01
4.116519689559936523e-01
4.117251932621002197e-01
4.115853309631347656e-01
4.113686382770538330e-01
4.115479588508605957e-01
4.114637374877929688e-01
4.114620983600616455e-01
4.115595221519470215e-01
4.114828705787658691e-01
4.114484786987304688e-01
4.115703701972961426e-01
4.114116728305816650e-01
4.114329218864440918e-01
4.115259051322937012e-01
4.115556478500366211e-01
4.114817976951599121e-01
4.115672409534454346e-01
4.115762710571289062e-01
4.114571213722229004e-01
4.113865792751312256e-01
4.115439057350158691e-01
4.115344583988189697e-01
4.113713204860687256e-01
4.114521145820617676e-01
4.115179479122161865e-01
4.113747775554656982e-01
4.112944900989532471e-01
4.113073945045471191e-01
4.114667177200317383e-01
4.115289747714996338e-01
4.114762246608734131e-01
4.115208089351654053e-01
4.114037752151489258e-01
4.113781750202178955e-01
4.113836586475372314e-01
4.114631712436676025e-01
4.114002883434295654e-01
4.113714396953582764e-01
4.115066528320312500e-01
4.115523397922515869e-01
4.115394949913024902e-01
4.114483594894409180e-01
4.113359749317169189e-01
4.113202095031738281e-01
4.113526642322540283e-01
4.115687012672424316e-01
4.115304052829742432e-01
4.114982783794403076e-01
4.114165902137756348e-01
4.114677309989929199e-01
4.114632010459899902e-01
4.114172756671905518e-01
4.114979207515716553e-01
4.114228487014770508e-01
4.112928807735443115e-01
4.113613963127136230e-01
4.113795161247253418e-01
4.113020300865173340e-01
4.112757146358489990e-01
4.113994240760803223e-01
4.115317761898040771e-01
4.115041792392730713e-01
4.114541113376617432e-01
4.115451574325561523e-01
4.114416837692260742e-01
4.113464057445526123e-01
4.113440215587615967e-01
4.113544523715972900e-01
4.113312065601348877e-01
4.113948941230773926e-01
4.112403988838195801e-01
4.113015234470367432e-01
4.114085137844085693e-01
4.114191234111785889e-01
4.113765060901641846e-01
4.113620519638061523e-01
4.114200472831726074e-01
4.113706946372985840e-01
4.113820493221282959e-01
4.113182127475738525e-01
4.112775027751922607e-01
4.114399850368499756e-01
4.114796221256256104e-01
4.113599061965942383e-01
4.113530814647674561e-01
4.113940596580505371e-01
4.115123152732849121e-01
4.113274216651916504e-01
4.112702310085296631e-01
4.112676084041595459e-01
4.112247228622436523e-01
4.113319218158721924e-01
4.113206565380096436e-01
4.112159609794616699e-01
4.112456142902374268e-01
4.112348556518554688e-01
4.112038016319274902e-01
