0.000000000000000000e+00
6.738334894180297852e-01
3.042961955070495605e-01
3.513542413711547852e-01
3.233942687511444092e-01
2.725898325443267822e-01
2.462481707334518433e-01
2.367681711912155151e-01
2.278046756982803345e-01
2.188041657209396362e-01
2.172062247991561890e-01
2.123593389987945557e-01
2.117630988359451294e-01
2.093475311994552612e-01
2.030167132616043091e-01
2.058556079864501953e-01
2.031699270009994507e-01
1.987657994031906128e-01
2.041716426610946655e-01
2.003199458122253418e-01
2.002579122781753540e-01
1.963542401790618896e-01
1.989927738904953003e-01
1.936387866735458374e-01
1.924366950988769531e-01
1.919939219951629639e-01
1.937743574380874634e-01
1.882033050060272217e-01
1.909920722246170044e-01
1.884849071502685547e-01
1.900728344917297363e-01
1.920393556356430054e-01
1.863756775856018066e-01
1.894704252481460571e-01
1.876746118068695068e-01
1.862687617540359497e-01
1.839311420917510986e-01
1.841760575771331787e-01
1.868652701377868652e-01
1.908666938543319702e-01
1.900300085544586182e-01
1.872275024652481079e-01
1.823269575834274292e-01
1.873804628849029541e-01
1.858080327510833740e-01
1.816508919000625610e-01
1.859491169452667236e-01
1.826479136943817139e-01
1.781894713640213013e-01
1.799882352352142334e-01
1.831424236297607422e-01
1.791451573371887207e-01
1.770556718111038208e-01
1.781127750873565674e-01
1.802576482295989990e-01
1.752516776323318481e-01
1.720962822437286377e-01
1.671467423439025879e-01
1.776936799287796021e-01
1.745537072420120239e-01
1.735236495733261108e-01
1.778423488140106201e-01
1.768136620521545410e-01
1.756350845098495483e-01
1.779977828264236450e-01
1.787708848714828491e-01
1.698075383901596069e-01
1.691413372755050659e-01
1.663529574871063232e-01
1.726828068494796753e-01
1.683398783206939697e-01
1.726138293743133545e-01
1.701049655675888062e-01
1.674727052450180054e-01
1.683287173509597778e-01
1.714243143796920776e-01
1.698143482208251953e-01
1.708980053663253784e-01
1.701923161745071411e-01
1.738519072532653809e-01
1.686932742595672607e-01
1.707121729850769043e-01
1.691064089536666870e-01
1.631753444671630859e-01
1.683099120855331421e-01
1.715312600135803223e-01
1.700079441070556641e-01
1.677634716033935547e-01
1.645513027906417847e-01
1.682894676923751831e-01
1.692821681499481201e-01
1.666100323200225830e-01
1.643952876329421997e-01
1.651450544595718384e-01
1.683544516563415527e-01
1.734984517097473145e-01
1.619052439928054810e-01
1.659345477819442749e-01
1.654548943042755127e-01
1.695632487535476685e-01
1.637017577886581421e-01
1.645949035882949829e-01
1.674726605415344238e-01
1.643580645322799683e-01
1.649977862834930420e-01
1.618166863918304443e-01
1.612724214792251587e-01
1.608851999044418335e-01
1.662470400333404541e-01
1.640691459178924561e-01
1.681557744741439819e-01
1.648395955562591553e-01
1.665309071540832520e-01
1.620802283287048340e-01
1.628628224134445190e-01
1.597066372632980347e-01
1.595632582902908325e-01
1.634108275175094604e-01
1.584467589855194092e-01
1.617045104503631592e-01
1.668947786092758179e-01
1.621675789356231689e-01
1.598449051380157471e-01
1.661872118711471558e-01
1.557822525501251221e-01
1.681967079639434814e-01
1.629809886217117310e-01
1.588141322135925293e-01
1.603861153125762939e-01
1.643245667219161987e-01
1.665498614311218262e-01
1.646225154399871826e-01
1.647277921438217163e-01
1.609568595886230469e-01
1.660234481096267700e-01
1.619906425476074219e-01
1.625530570745468140e-01
1.604644954204559326e-01
1.656054854393005371e-01
1.596541702747344971e-01
1.629357188940048218e-01
1.553270667791366577e-01
1.632675826549530029e-01
1.753131300210952759e-01
1.708646714687347412e-01
1.650987416505813599e-01
1.622033268213272095e-01
1.654860079288482666e-01
1.652180254459381104e-01
1.613136976957321167e-01
1.592449843883514404e-01
1.502606868743896484e-01
1.570223271846771240e-01
1.472242921590805054e-01
1.488111913204193115e-01
1.518222242593765259e-01
1.478767991065979004e-01
1.512551605701446533e-01
1.487160325050354004e-01
1.537820249795913696e-01
1.493972837924957275e-01
1.520613133907318115e-01
1.506680548191070557e-01
1.502912342548370361e-01
1.487855762243270874e-01
1.495400220155715942e-01
1.508349329233169556e-01
1.481608897447586060e-01
1.490656882524490356e-01
1.469523608684539795e-01
1.523799598217010498e-01
1.472951918840408325e-01
1.527048647403717041e-01
1.530086100101470947e-01
1.471941918134689331e-01
1.529715955257415771e-01
1.456147134304046631e-01
1.516034752130508423e-01
1.483721435070037842e-01
1.523554474115371704e-01
1.452964395284652710e-01
1.521568894386291504e-01
1.567941457033157349e-01
1.499899178743362427e-01
1.530437767505645752e-01
1.457886248826980591e-01
1.477617621421813965e-01
1.472759991884231567e-01
1.453618258237838745e-01
1.466422230005264282e-01
1.466173529624938965e-01
1.454420834779739380e-01
1.446059644222259521e-01
1.494562178850173950e-01
1.475277692079544067e-01
1.459308117628097534e-01
1.458311676979064941e-01
1.477754116058349609e-01
1.497692614793777466e-01
1.467195004224777222e-01
1.690337806940078735e-01
1.466870456933975220e-01
1.513567715883255005e-01
1.566725075244903564e-01
1.590765863656997681e-01
1.553963273763656616e-01
1.515941768884658813e-01
1.475692838430404663e-01
1.493207514286041260e-01
1.539613157510757446e-01
1.495214998722076416e-01
1.469873934984207153e-01
1.471748948097229004e-01
1.487365514039993286e-01
1.444837450981140137e-01
1.510504633188247681e-01
1.694675832986831665e-01
1.565770953893661499e-01
1.557450443506240845e-01
1.556327044963836670e-01
1.543972790241241455e-01
1.544864475727081299e-01
1.557732224464416504e-01
1.559375822544097900e-01
1.526593267917633057e-01
1.537768095731735229e-01
1.474581062793731689e-01
1.496903002262115479e-01
1.504847258329391479e-01
1.466163098812103271e-01
1.484788805246353149e-01
1.465733945369720459e-01
1.480497419834136963e-01
1.455284506082534790e-01
1.508176922798156738e-01
1.471078842878341675e-01
1.459546685218811035e-01
1.551042944192886353e-01
1.516326218843460083e-01
1.508740037679672241e-01
1.498366743326187134e-01
1.465826332569122314e-01
1.483962088823318481e-01
1.544286161661148071e-01
1.459202766418457031e-01
1.642185598611831665e-01
1.518539786338806152e-01
1.503309905529022217e-01
1.487351059913635254e-01
1.528335958719253540e-01
1.527460962533950806e-01
1.558258384466171265e-01
1.511858850717544556e-01
1.461253166198730469e-01
1.492038369178771973e-01
1.474914848804473877e-01
1.469480097293853760e-01
1.463483721017837524e-01
1.504422873258590698e-01
1.462645977735519409e-01
1.466985195875167847e-01
1.469783931970596313e-01
1.451940238475799561e-01
1.441969424486160278e-01
1.477849334478378296e-01
1.441863626241683960e-01
1.464598476886749268e-01
1.420982480049133301e-01
1.447655111551284790e-01
1.447834670543670654e-01
1.447045356035232544e-01
1.492875069379806519e-01
1.475875079631805420e-01
1.440849304199218750e-01
1.466750651597976685e-01
1.423680484294891357e-01
1.450001448392868042e-01
1.422450840473175049e-01
1.454877406358718872e-01
1.423939168453216553e-01
1.415709853172302246e-01
1.436906307935714722e-01
1.398870497941970825e-01
1.437487155199050903e-01
1.413603574037551880e-01
1.429167538881301880e-01
1.486835777759552002e-01
1.436848342418670654e-01
1.542033851146697998e-01
1.469070613384246826e-01
1.420619785785675049e-01
1.492541879415512085e-01
1.470947861671447754e-01
1.474571526050567627e-01
1.454451680183410645e-01
1.513975411653518677e-01
1.482984870672225952e-01
1.522159874439239502e-01
1.613080799579620361e-01
1.632294654846191406e-01
1.592396199703216553e-01
1.521529108285903931e-01
1.520502269268035889e-01
1.498882770538330078e-01
1.431284546852111816e-01
1.460812240839004517e-01
1.454680413007736206e-01
1.470046192407608032e-01
1.435551494359970093e-01
1.430347412824630737e-01
1.431550085544586182e-01
1.448595523834228516e-01
1.431445926427841187e-01
1.406339257955551147e-01
1.464913189411163330e-01
1.451060473918914795e-01
1.440765112638473511e-01
1.459622979164123535e-01
1.418663412332534790e-01
1.414627879858016968e-01
1.413230299949645996e-01
1.432460099458694458e-01
1.416561901569366455e-01
1.413323432207107544e-01
1.415536254644393921e-01
1.405074000358581543e-01
1.422716528177261353e-01
1.393663734197616577e-01
1.429724097251892090e-01
1.411287933588027954e-01
1.389016807079315186e-01
1.412685513496398926e-01
1.428598463535308838e-01
1.417818069458007812e-01
1.391712129116058350e-01
1.395777016878128052e-01
1.376809328794479370e-01
1.405662149190902710e-01
1.392355412244796753e-01
1.399653404951095581e-01
1.403276622295379639e-01
1.394174098968505859e-01
1.370699256658554077e-01
1.391238868236541748e-01
1.408719718456268311e-01
1.400159150362014771e-01
1.367890834808349609e-01
1.415348351001739502e-01
1.393568813800811768e-01
1.364205181598663330e-01
1.398304998874664307e-01
1.398352086544036865e-01
1.355884075164794922e-01
1.420418173074722290e-01
1.395678073167800903e-01
1.391039788722991943e-01
1.384121626615524292e-01
1.416716873645782471e-01
1.389319002628326416e-01
1.425981819629669189e-01
1.375328153371810913e-01
1.429882943630218506e-01
1.763641685247421265e-01
1.649429351091384888e-01
1.640437394380569458e-01
1.512603163719177246e-01
1.469825059175491333e-01
1.432152092456817627e-01
1.434166580438613892e-01
1.464087367057800293e-01
1.427743583917617798e-01
1.421761810779571533e-01
1.445786654949188232e-01
1.439958363771438599e-01
1.408400982618331909e-01
1.404213607311248779e-01
1.465422213077545166e-01
1.394436955451965332e-01
1.415081620216369629e-01
1.400100439786911011e-01
1.398227661848068237e-01
1.419293433427810669e-01
1.402884125709533691e-01
1.420889347791671753e-01
1.454042494297027588e-01
1.388933956623077393e-01
1.397732943296432495e-01
1.421353369951248169e-01
1.434607058763504028e-01
1.424676477909088135e-01
1.433033347129821777e-01
1.458188593387603760e-01
1.548617482185363770e-01
1.441047787666320801e-01
1.462288796901702881e-01
1.447122097015380859e-01
1.449210047721862793e-01
1.417943090200424194e-01
1.466706097126007080e-01
1.457200348377227783e-01
1.452035903930664062e-01
1.461708545684814453e-01
1.424535065889358521e-01
1.415690034627914429e-01
1.444332897663116455e-01
1.373518854379653931e-01
1.439039111137390137e-01
1.393204480409622192e-01
1.381170004606246948e-01
1.433679610490798950e-01
1.471283584833145142e-01
1.431806981563568115e-01
1.447011977434158325e-01
1.425313949584960938e-01
1.435863375663757324e-01
1.394994705915451050e-01
1.385817080736160278e-01
1.383995413780212402e-01
1.395941674709320068e-01
1.407428085803985596e-01
1.621825695037841797e-01
1.619406789541244507e-01
1.652712523937225342e-01
1.567924618721008301e-01
1.529739648103713989e-01
1.590716391801834106e-01
1.509365439414978027e-01
1.546725630760192871e-01
1.495632529258728027e-01
1.531487852334976196e-01
1.514047086238861084e-01
1.502142548561096191e-01
1.497898548841476440e-01
1.583719551563262939e-01
1.524926126003265381e-01
1.560842096805572510e-01
1.509088873863220215e-01
1.530439853668212891e-01
1.609946787357330322e-01
1.577787101268768311e-01
1.560851782560348511e-01
1.573482900857925415e-01
1.476850062608718872e-01
1.509405523538589478e-01
1.477138698101043701e-01
1.468732655048370361e-01
1.473126709461212158e-01
1.466808617115020752e-01
1.455482989549636841e-01
1.465518623590469360e-01
1.420783996582031250e-01
1.446427553892135620e-01
1.455511748790740967e-01
1.429291367530822754e-01
1.432229429483413696e-01
1.448115557432174683e-01
1.423321664333343506e-01
1.442800313234329224e-01
1.432495564222335815e-01
1.423427164554595947e-01
1.423508524894714355e-01
1.421493887901306152e-01
1.411151140928268433e-01
1.432253420352935791e-01
1.421855837106704712e-01
1.421235054731369019e-01
1.420490592718124390e-01
1.429954916238784790e-01
1.403478682041168213e-01
1.431506127119064331e-01
1.421627104282379150e-01
1.409656852483749390e-01
1.424707323312759399e-01
1.410489827394485474e-01
1.414212882518768311e-01
1.419828534126281738e-01
1.396393775939941406e-01
1.422139853239059448e-01
1.431324481964111328e-01
1.407451927661895752e-01
1.410578042268753052e-01
1.412238031625747681e-01
1.409952491521835327e-01
1.416824907064437866e-01
1.402026712894439697e-01
1.417820900678634644e-01
1.419406980276107788e-01
1.393613368272781372e-01
1.411468386650085449e-01
1.421470195055007935e-01
1.402118355035781860e-01
1.415319889783859253e-01
1.380273997783660889e-01
1.418897658586502075e-01
1.409889608621597290e-01
1.378832459449768066e-01
1.394223272800445557e-01
1.439204663038253784e-01
1.407133489847183228e-01
1.398759037256240845e-01
1.413748264312744141e-01
1.393668502569198608e-01
1.425042301416397095e-01
1.384581625461578369e-01
1.403865963220596313e-01
1.409504264593124390e-01
1.412809938192367554e-01
1.379074454307556152e-01
1.397451460361480713e-01
1.398167163133621216e-01
1.399384140968322754e-01
1.406268775463104248e-01
1.380147337913513184e-01
1.390632241964340210e-01
1.403694599866867065e-01
1.401711106300354004e-01
1.385982632637023926e-01
1.413381546735763550e-01
1.386063694953918457e-01
1.397738903760910034e-01
1.406226307153701782e-01
1.382900178432464600e-01
1.357694715261459351e-01
1.391565203666687012e-01
1.416230797767639160e-01
1.452610641717910767e-01
1.461056023836135864e-01
1.389292776584625244e-01
1.413022875785827637e-01
1.384954899549484253e-01
1.380883306264877319e-01
1.410472542047500610e-01
1.383223682641983032e-01
1.389588564634323120e-01
1.391726434230804443e-01
1.386047750711441040e-01
1.408892273902893066e-01
1.386675834655761719e-01
1.373785883188247681e-01
1.409855633974075317e-01
1.392578482627868652e-01
1.380757838487625122e-01
1.419303566217422485e-01
1.494774222373962402e-01
1.441075503826141357e-01
1.394765675067901611e-01
1.398454755544662476e-01
1.404968053102493286e-01
1.406393200159072876e-01
1.371559053659439087e-01
1.406061053276062012e-01
1.387779414653778076e-01
1.386830657720565796e-01
1.388301998376846313e-01
1.386482715606689453e-01
1.383662223815917969e-01
1.396327912807464600e-01
1.764883399009704590e-01
1.494040787220001221e-01
1.396789848804473877e-01
1.480932235717773438e-01
1.479395329952239990e-01
1.473177969455718994e-01
1.471041887998580933e-01
1.403352916240692139e-01
1.387103646993637085e-01
1.389977484941482544e-01
1.385727524757385254e-01
1.401904076337814331e-01
1.427841335535049438e-01
1.400982886552810669e-01
1.387268453836441040e-01
1.384119987487792969e-01
1.389578878879547119e-01
1.375066488981246948e-01
1.385834813117980957e-01
1.384860724210739136e-01
1.378014236688613892e-01
1.381214112043380737e-01
1.372507959604263306e-01
1.351213604211807251e-01
1.377097517251968384e-01
1.374462097883224487e-01
1.362555176019668579e-01
1.378383189439773560e-01
1.377968043088912964e-01
1.362623572349548340e-01
1.370359808206558228e-01
1.378771513700485229e-01
1.377485841512680054e-01
1.376121044158935547e-01
1.359699815511703491e-01
1.368526369333267212e-01
1.378879249095916748e-01
1.364633738994598389e-01
1.360733360052108765e-01
1.353456676006317139e-01
1.373477876186370850e-01
1.357473582029342651e-01
1.379041820764541626e-01
1.378462463617324829e-01
1.365695744752883911e-01
1.360358297824859619e-01
1.360020637512207031e-01
1.362542212009429932e-01
1.364219933748245239e-01
1.366214007139205933e-01
1.359472572803497314e-01
1.362424492835998535e-01
1.366933286190032959e-01
1.365596354007720947e-01
1.357436478137969971e-01
1.357376426458358765e-01
1.356326192617416382e-01
1.365184634923934937e-01
1.361526399850845337e-01
1.362105309963226318e-01
1.361410766839981079e-01
1.363240629434585571e-01
1.357319056987762451e-01
1.371890008449554443e-01
1.362414062023162842e-01
1.368245333433151245e-01
1.362571567296981812e-01
1.356696039438247681e-01
1.365981251001358032e-01
1.367009431123733521e-01
1.370964050292968750e-01
1.364186108112335205e-01
1.369551718235015869e-01
1.362636834383010864e-01
1.365112513303756714e-01
1.365208327770233154e-01
1.355416476726531982e-01
1.367261856794357300e-01
1.366794556379318237e-01
1.357848793268203735e-01
1.371874064207077026e-01
1.362906098365783691e-01
1.358635127544403076e-01
1.363768726587295532e-01
1.355254054069519043e-01
1.354335695505142212e-01
1.388630419969558716e-01
1.355115771293640137e-01
1.340828537940979004e-01
1.369259655475616455e-01
1.355682760477066040e-01
1.361474692821502686e-01
1.360799372196197510e-01
1.359978020191192627e-01
1.353408396244049072e-01
1.360749602317810059e-01
1.366433799266815186e-01
1.353444755077362061e-01
1.350567340850830078e-01
1.359191983938217163e-01
1.356924027204513550e-01
1.349981129169464111e-01
1.350650340318679810e-01
1.356559544801712036e-01
1.347696632146835327e-01
1.358609646558761597e-01
1.350436657667160034e-01
1.351952850818634033e-01
1.370198875665664673e-01
1.347946375608444214e-01
1.345630288124084473e-01
1.355288028717041016e-01
1.356311738491058350e-01
1.352072805166244507e-01
1.350434422492980957e-01
1.354971081018447876e-01
1.355148702859878540e-01
1.344667226076126099e-01
1.349295973777770996e-01
1.341970413923263550e-01
1.348376870155334473e-01
1.348759531974792480e-01
1.352586001157760620e-01
1.355860233306884766e-01
1.343133598566055298e-01
1.363840103149414062e-01
1.350083798170089722e-01
1.340029388666152954e-01
1.351825743913650513e-01
1.348933577537536621e-01
1.349844336509704590e-01
1.348835825920104980e-01
1.347332745790481567e-01
1.349679529666900635e-01
1.353829652070999146e-01
1.338913440704345703e-01
1.350270658731460571e-01
1.346233636140823364e-01
1.346724480390548706e-01
1.349666416645050049e-01
1.346150785684585571e-01
1.344605088233947754e-01
1.342644840478897095e-01
1.350319832563400269e-01
1.350526809692382812e-01
1.338393688201904297e-01
1.369778364896774292e-01
1.376968026161193848e-01
1.365472525358200073e-01
1.417808234691619873e-01
1.413013786077499390e-01
1.384725570678710938e-01
1.375585347414016724e-01
1.368936896324157715e-01
1.350995451211929321e-01
1.355142295360565186e-01
1.400173306465148926e-01
1.394257545471191406e-01
1.363064944744110107e-01
1.353404819965362549e-01
1.357390135526657104e-01
1.354613900184631348e-01
1.361343413591384888e-01
1.354572921991348267e-01
1.351525783538818359e-01
1.366522461175918579e-01
1.350692063570022583e-01
1.340487003326416016e-01
1.349873840808868408e-01
1.349498331546783447e-01
1.359467804431915283e-01
1.356856822967529297e-01
1.356859356164932251e-01
1.316587179899215698e-01
1.328743398189544678e-01
1.356104910373687744e-01
1.348337978124618530e-01
1.344604790210723877e-01
1.347895413637161255e-01
1.344652175903320312e-01
1.342425197362899780e-01
1.350174248218536377e-01
1.358214318752288818e-01
1.342078298330307007e-01
1.352348923683166504e-01
1.349826753139495850e-01
1.341616213321685791e-01
1.347870528697967529e-01
1.346191912889480591e-01
1.347364336252212524e-01
1.346979141235351562e-01
1.353623718023300171e-01
1.339917331933975220e-01
1.333600580692291260e-01
1.337747573852539062e-01
1.345769912004470825e-01
1.348258405923843384e-01
1.343470066785812378e-01
1.346593946218490601e-01
1.355549693107604980e-01
1.350892633199691772e-01
1.343043446540832520e-01
1.343606412410736084e-01
1.343260109424591064e-01
1.344304978847503662e-01
1.348098218441009521e-01
1.345407515764236450e-01
1.346159279346466064e-01
1.346897780895233154e-01
1.347875148057937622e-01
1.342373937368392944e-01
1.342708617448806763e-01
1.344019323587417603e-01
1.345201134681701660e-01
1.346149891614913940e-01
1.346937566995620728e-01
1.344572603702545166e-01
1.347356736660003662e-01
1.347595155239105225e-01
1.342963427305221558e-01
1.344897150993347168e-01
1.347668468952178955e-01
1.345721632242202759e-01
1.340977400541305542e-01
1.343365758657455444e-01
1.348896324634552002e-01
1.344211399555206299e-01
1.347322165966033936e-01
1.342924237251281738e-01
1.344566047191619873e-01
1.345977336168289185e-01
1.340965181589126587e-01
1.344264596700668335e-01
1.342891007661819458e-01
1.346300989389419556e-01
1.345281153917312622e-01
1.341204643249511719e-01
1.343004405498504639e-01
1.344925612211227417e-01
1.348334103822708130e-01
1.342988163232803345e-01
1.344492435455322266e-01
1.342949867248535156e-01
1.344551444053649902e-01
1.343336403369903564e-01
1.344845145940780640e-01
1.343452483415603638e-01
1.344623416662216187e-01
1.344970613718032837e-01
1.341089755296707153e-01
1.341277807950973511e-01
1.342995017766952515e-01
1.344056427478790283e-01
1.341211199760437012e-01
1.348854154348373413e-01
1.345031410455703735e-01
1.342685222625732422e-01
1.342582404613494873e-01
1.343610286712646484e-01
1.342567354440689087e-01
1.344540864229202271e-01
1.341423988342285156e-01
1.339566558599472046e-01
1.347682774066925049e-01
1.343645900487899780e-01
1.336913555860519409e-01
1.338589042425155640e-01
1.349292099475860596e-01
1.344949305057525635e-01
1.344040334224700928e-01
1.336075961589813232e-01
1.342298388481140137e-01
1.344458013772964478e-01
1.339866518974304199e-01
1.340908408164978027e-01
1.340732723474502563e-01
1.343373954296112061e-01
1.341547816991806030e-01
1.341978013515472412e-01
1.341034770011901855e-01
1.343326270580291748e-01
1.326701641082763672e-01
1.338410824537277222e-01
1.354722529649734497e-01
1.353054195642471313e-01
1.347808092832565308e-01
1.341685950756072998e-01
1.346819400787353516e-01
1.344107836484909058e-01
1.340039372444152832e-01
1.341958940029144287e-01
1.337428838014602661e-01
1.338516324758529663e-01
1.344918161630630493e-01
1.342882066965103149e-01
1.342608183622360229e-01
1.342636942863464355e-01
1.336463242769241333e-01
1.339635848999023438e-01
1.341987997293472290e-01
1.342135518789291382e-01
1.340966224670410156e-01
1.338974088430404663e-01
1.339094787836074829e-01
1.336695700883865356e-01
1.341596990823745728e-01
1.342246085405349731e-01
1.338211447000503540e-01
1.335778385400772095e-01
1.341992318630218506e-01
1.345568448305130005e-01
1.338888555765151978e-01
1.343156993389129639e-01
1.341705024242401123e-01
1.337224990129470825e-01
1.338289082050323486e-01
1.343031823635101318e-01
1.341712027788162231e-01
1.339419037103652954e-01
1.338285654783248901e-01
1.338868737220764160e-01
1.343405693769454956e-01
1.337607055902481079e-01
1.340759843587875366e-01
1.341035515069961548e-01
1.338839381933212280e-01
1.342004984617233276e-01
1.339991390705108643e-01
1.342110484838485718e-01
1.341114044189453125e-01
1.337938308715820312e-01
1.339563280344009399e-01
1.345135122537612915e-01
1.337935626506805420e-01
1.331442743539810181e-01
1.338076293468475342e-01
1.343499124050140381e-01
1.340128481388092041e-01
1.340698599815368652e-01
1.342527419328689575e-01
1.337087154388427734e-01
1.336313784122467041e-01
1.340150833129882812e-01
1.337693631649017334e-01
1.336026340723037720e-01
1.337432265281677246e-01
1.337151974439620972e-01
1.336080729961395264e-01
1.338275223970413208e-01
1.338747441768646240e-01
1.336867511272430420e-01
1.335841864347457886e-01
1.334283202886581421e-01
1.335215717554092407e-01
1.336528360843658447e-01
1.337688714265823364e-01
1.337895691394805908e-01
1.337027847766876221e-01
1.336163729429244995e-01
1.336063891649246216e-01
1.337456405162811279e-01
1.335482001304626465e-01
1.336122304201126099e-01
1.337821781635284424e-01
1.337182223796844482e-01
1.336544901132583618e-01
1.335319131612777710e-01
1.336179822683334351e-01
1.335206627845764160e-01
1.336119472980499268e-01
1.336198449134826660e-01
1.337493211030960083e-01
1.335168778896331787e-01
1.336360275745391846e-01
1.337829232215881348e-01
1.335442066192626953e-01
1.336666792631149292e-01
1.337579935789108276e-01
1.336603015661239624e-01
1.336395293474197388e-01
1.335113644599914551e-01
1.336209923028945923e-01
1.335823088884353638e-01
1.336054801940917969e-01
1.335969120264053345e-01
1.335482299327850342e-01
1.335569024085998535e-01
1.337224096059799194e-01
1.335466653108596802e-01
1.335732787847518921e-01
1.335420310497283936e-01
1.335383057594299316e-01
1.336472332477569580e-01
1.336468309164047241e-01
1.336546391248703003e-01
1.335585415363311768e-01
1.335386782884597778e-01
1.336150616407394409e-01
1.335595399141311646e-01
1.334570348262786865e-01
1.334857195615768433e-01
1.335997432470321655e-01
1.334569603204727173e-01
1.336325258016586304e-01
1.337013095617294312e-01
1.336575150489807129e-01
1.335137486457824707e-01
1.335524022579193115e-01
1.336108595132827759e-01
1.334997862577438354e-01
1.333384662866592407e-01
1.333771198987960815e-01
1.334958523511886597e-01
1.335160285234451294e-01
1.334855407476425171e-01
1.335982829332351685e-01
1.336549669504165649e-01
1.335943639278411865e-01
1.333703994750976562e-01
1.334160268306732178e-01
1.335173100233078003e-01
1.335122734308242798e-01
1.333866566419601440e-01
1.335846781730651855e-01
1.334592252969741821e-01
1.333537101745605469e-01
1.336519271135330200e-01
1.336728632450103760e-01
1.334801763296127319e-01
1.334108561277389526e-01
1.335196197032928467e-01
1.334088295698165894e-01
1.332989186048507690e-01
1.335808485746383667e-01
1.335968375205993652e-01
1.332887560129165649e-01
1.334641575813293457e-01
1.332442164421081543e-01
1.336107105016708374e-01
1.335647106170654297e-01
1.335102766752243042e-01
1.335397511720657349e-01
1.335684210062026978e-01
1.333247125148773193e-01
1.332785040140151978e-01
1.333405822515487671e-01
1.334546953439712524e-01
1.335310190916061401e-01
1.334341913461685181e-01
1.334703713655471802e-01
1.331399083137512207e-01
1.331243067979812622e-01
1.334684640169143677e-01
1.334727108478546143e-01
1.334223598241806030e-01
1.334659606218338013e-01
1.335103660821914673e-01
1.333137601613998413e-01
1.335728913545608521e-01
1.334402561187744141e-01
1.335702538490295410e-01
1.335539668798446655e-01
1.332438886165618896e-01
1.331486701965332031e-01
1.333506107330322266e-01
1.333430111408233643e-01
1.334458142518997192e-01
1.332983225584030151e-01
1.332070380449295044e-01
1.332469731569290161e-01
1.333435922861099243e-01
1.333880722522735596e-01
1.334015280008316040e-01
1.332889944314956665e-01
1.333181411027908325e-01
1.333662718534469604e-01
1.334049999713897705e-01
1.333383172750473022e-01
1.334999352693557739e-01
1.335325539112091064e-01
1.333508193492889404e-01
1.331351250410079956e-01
1.330789923667907715e-01
1.334365904331207275e-01
1.334366500377655029e-01
1.331427395343780518e-01
1.333033442497253418e-01
1.334227025508880615e-01
1.330625116825103760e-01
1.330504566431045532e-01
1.331703364849090576e-01
1.331920027732849121e-01
1.334190666675567627e-01
1.333211064338684082e-01
1.332614719867706299e-01
1.332084834575653076e-01
1.331652849912643433e-01
1.331314891576766968e-01
1.331958472728729248e-01
1.331632733345031738e-01
1.331525593996047974e-01
1.331637650728225708e-01
1.331293731927871704e-01
1.330422610044479370e-01
1.332122385501861572e-01
1.333048790693283081e-01
1.332395076751708984e-01
1.331521868705749512e-01
1.331485509872436523e-01
1.332119256258010864e-01
1.332412809133529663e-01
1.331480294466018677e-01
1.331239342689514160e-01
1.330660283565521240e-01
1.330754309892654419e-01
1.331444084644317627e-01
1.331667751073837280e-01
1.332001239061355591e-01
1.332205384969711304e-01
1.331125348806381226e-01
1.330721825361251831e-01
1.331168711185455322e-01
1.330536752939224243e-01
1.330794841051101685e-01
1.330477744340896606e-01
1.330271661281585693e-01
1.330680698156356812e-01
1.330693960189819336e-01
1.331219077110290527e-01
1.332203596830368042e-01
1.331907808780670166e-01
1.331070512533187866e-01
1.330864876508712769e-01
1.330667585134506226e-01
1.331029534339904785e-01
1.331524699926376343e-01
1.331358253955841064e-01
1.330812573432922363e-01
1.331094801425933838e-01
1.331037431955337524e-01
1.331427395343780518e-01
1.330880671739578247e-01
1.331217437982559204e-01
1.331785917282104492e-01
1.330960541963577271e-01
1.331274956464767456e-01
1.331827640533447266e-01
1.330966353416442871e-01
1.329957991838455200e-01
1.331051588058471680e-01
1.330473124980926514e-01
1.330444663763046265e-01
1.331357359886169434e-01
1.331063956022262573e-01
1.330559551715850830e-01
1.331076771020889282e-01
1.330576986074447632e-01
1.330530047416687012e-01
1.330793052911758423e-01
1.330967098474502563e-01
1.330904960632324219e-01
1.331563591957092285e-01
1.331319212913513184e-01
1.330778449773788452e-01
1.330260336399078369e-01
1.331342011690139771e-01
1.331381648778915405e-01
1.329906433820724487e-01
1.330143064260482788e-01
1.330699920654296875e-01
1.330194026231765747e-01
1.329769641160964966e-01
1.329434216022491455e-01
1.330727040767669678e-01
1.330770999193191528e-01
1.330413967370986938e-01
1.330759227275848389e-01
1.330359876155853271e-01
1.330342441797256470e-01
1.330127418041229248e-01
1.330436021089553833e-01
1.330141574144363403e-01
1.330134719610214233e-01
1.330796331167221069e-01
1.331422328948974609e-01
1.331348717212677002e-01
1.330658048391342163e-01
1.329533904790878296e-01
1.329839378595352173e-01
1.330026090145111084e-01
1.331223547458648682e-01
1.330874115228652954e-01
1.330840438604354858e-01
1.330999583005905151e-01
1.330641210079193115e-01
1.330202519893646240e-01
1.330218911170959473e-01
1.330616325139999390e-01
1.330271810293197632e-01
1.329552382230758667e-01
1.330115944147109985e-01
1.330411881208419800e-01
1.329675465822219849e-01
1.329782754182815552e-01
1.330025494098663330e-01
1.330659687519073486e-01
1.330714672803878784e-01
1.330506652593612671e-01
1.330907791852951050e-01
1.330377310514450073e-01
1.330307126045227051e-01
1.330307126045227051e-01
1.329709440469741821e-01
1.329814344644546509e-01
1.330084502696990967e-01
1.329353451728820801e-01
1.329332888126373291e-01
1.329904645681381226e-01
1.330313384532928467e-01
1.329883188009262085e-01
1.330399662256240845e-01
1.330753862857818604e-01
1.330133378505706787e-01
1.329648196697235107e-01
1.329327225685119629e-01
1.329428106546401978e-01
1.330363005399703979e-01
1.330708116292953491e-01
1.330267041921615601e-01
1.330029368400573730e-01
1.330071985721588135e-01
1.330947130918502808e-01
1.329818814992904663e-01
1.329712718725204468e-01
1.329512894153594971e-01
1.329217255115509033e-01
1.329671889543533325e-01
1.329998075962066650e-01
1.329476684331893921e-01
1.329174339771270752e-01
1.329140216112136841e-01
1.328971236944198608e-01
