9.604466438293457031e+00
5.935478210449218750e+00
3.703362941741943359e+00
3.051097393035888672e+00
2.396215915679931641e+00
1.540211796760559082e+00
1.183019995689392090e+00
1.058516860008239746e+00
9.918916225433349609e-01
9.492781758308410645e-01
9.328246712684631348e-01
9.133359193801879883e-01
8.952464461326599121e-01
8.844558596611022949e-01
8.731191158294677734e-01
8.699759244918823242e-01
8.621284961700439453e-01
8.580603003501892090e-01
8.638261556625366211e-01
8.605785369873046875e-01
8.489077091217041016e-01
8.341172337532043457e-01
8.479960560798645020e-01
8.335905075073242188e-01
8.363975882530212402e-01
8.310192227363586426e-01
8.237616419792175293e-01
8.187730908393859863e-01
8.220523595809936523e-01
8.199731111526489258e-01
8.278939127922058105e-01
8.210429549217224121e-01
8.341968655586242676e-01
8.278402686119079590e-01
8.281470537185668945e-01
8.291293978691101074e-01
8.132705688476562500e-01
8.255356550216674805e-01
8.338446021080017090e-01
8.282124996185302734e-01
8.295479416847229004e-01
8.482885360717773438e-01
8.230051398277282715e-01
8.290961384773254395e-01
8.214210867881774902e-01
8.245064616203308105e-01
8.070642948150634766e-01
8.150577545166015625e-01
8.062078356742858887e-01
8.143920898437500000e-01
8.126815557479858398e-01
8.010579347610473633e-01
8.006959557533264160e-01
7.996200919151306152e-01
8.016379475593566895e-01
7.919599413871765137e-01
7.870224118232727051e-01
7.900914549827575684e-01
8.034674525260925293e-01
7.926009297370910645e-01
7.949739694595336914e-01
8.194928765296936035e-01
8.077274560928344727e-01
8.056052327156066895e-01
8.093531727790832520e-01
8.092412352561950684e-01
7.947272062301635742e-01
7.832100987434387207e-01
7.843038439750671387e-01
7.864113450050354004e-01
7.898682951927185059e-01
7.845210433006286621e-01
7.876729965209960938e-01
7.875416874885559082e-01
7.824831604957580566e-01
7.966587543487548828e-01
7.924110889434814453e-01
7.826808691024780273e-01
7.868641614913940430e-01
7.855244874954223633e-01
7.914346456527709961e-01
7.846082448959350586e-01
7.735722064971923828e-01
7.662720084190368652e-01
7.693290710449218750e-01
7.877553105354309082e-01
7.867568135261535645e-01
7.717921137809753418e-01
7.713382840156555176e-01
7.700807452201843262e-01
7.762882113456726074e-01
7.731147408485412598e-01
7.707801461219787598e-01
7.676636576652526855e-01
7.692899107933044434e-01
7.814627289772033691e-01
7.915874123573303223e-01
7.820767164230346680e-01
7.646750211715698242e-01
7.703859806060791016e-01
7.638818621635437012e-01
7.696195244789123535e-01
7.637592554092407227e-01
7.588794231414794922e-01
7.619115114212036133e-01
7.613753676414489746e-01
7.551252841949462891e-01
7.493795156478881836e-01
7.704047560691833496e-01
7.716045975685119629e-01
7.685080170631408691e-01
7.730363011360168457e-01
7.672237753868103027e-01
7.592050433158874512e-01
7.548371553421020508e-01
7.503675818443298340e-01
7.494418025016784668e-01
7.554288506507873535e-01
7.550785541534423828e-01
7.591574192047119141e-01
7.763163447380065918e-01
7.563808560371398926e-01
7.300242781639099121e-01
7.482709884643554688e-01
7.470134496688842773e-01
7.531259059906005859e-01
7.558375597000122070e-01
7.529115080833435059e-01
7.480822801589965820e-01
7.667886018753051758e-01
7.597160339355468750e-01
7.664699554443359375e-01
7.519235610961914062e-01
7.830915451049804688e-01
7.665387988090515137e-01
7.504699826240539551e-01
7.443331480026245117e-01
7.461830377578735352e-01
7.540521025657653809e-01
7.500997185707092285e-01
7.491779327392578125e-01
7.444109320640563965e-01
7.549848556518554688e-01
8.101095557212829590e-01
7.825357317924499512e-01
7.673038840293884277e-01
7.642824649810791016e-01
7.681575417518615723e-01
7.551178336143493652e-01
7.474198937416076660e-01
7.160230278968811035e-01
6.948348879814147949e-01
6.957193017005920410e-01
6.941789388656616211e-01
6.916542053222656250e-01
6.923554539680480957e-01
6.917390227317810059e-01
6.932402849197387695e-01
6.876338720321655273e-01
6.932200789451599121e-01
6.941987872123718262e-01
6.938869357109069824e-01
6.886563897132873535e-01
6.937627792358398438e-01
6.871368885040283203e-01
6.842684149742126465e-01
6.888256072998046875e-01
6.882736682891845703e-01
6.893758177757263184e-01
6.863670945167541504e-01
7.010166645050048828e-01
6.941905617713928223e-01
7.075957059860229492e-01
7.052422761917114258e-01
7.037855982780456543e-01
6.990669965744018555e-01
6.966116428375244141e-01
7.007678747177124023e-01
6.857594847679138184e-01
6.957937479019165039e-01
6.966637372970581055e-01
6.986396908760070801e-01
7.545771002769470215e-01
7.128976583480834961e-01
7.023193240165710449e-01
7.004760503768920898e-01
6.934778690338134766e-01
6.886133551597595215e-01
6.849368214607238770e-01
6.885747909545898438e-01
6.883829236030578613e-01
6.929056644439697266e-01
6.919229030609130859e-01
7.026010155677795410e-01
7.034628391265869141e-01
6.954491734504699707e-01
7.003419995307922363e-01
6.981008648872375488e-01
6.969590783119201660e-01
7.015230059623718262e-01
7.583178877830505371e-01
7.239649295806884766e-01
7.036470770835876465e-01
7.668982148170471191e-01
7.505618333816528320e-01
7.138136029243469238e-01
7.048606276512145996e-01
6.947705149650573730e-01
6.983352899551391602e-01
7.136335372924804688e-01
7.006428837776184082e-01
6.906058788299560547e-01
6.818822622299194336e-01
6.920722723007202148e-01
6.974844336509704590e-01
6.930090785026550293e-01
7.919491529464721680e-01
7.663930058479309082e-01
7.283999919891357422e-01
7.223422527313232422e-01
7.140718698501586914e-01
7.114818096160888672e-01
7.210025191307067871e-01
7.226014733314514160e-01
7.075010538101196289e-01
7.063565850257873535e-01
6.975914239883422852e-01
6.918397545814514160e-01
6.927894353866577148e-01
6.970838308334350586e-01
6.986734867095947266e-01
6.929314136505126953e-01
6.919052600860595703e-01
6.973781585693359375e-01
7.016751766204833984e-01
7.007521986961364746e-01
7.061470150947570801e-01
7.326467037200927734e-01
7.187520265579223633e-01
7.156257629394531250e-01
7.069144845008850098e-01
7.035602927207946777e-01
7.358047366142272949e-01
7.179002761840820312e-01
7.406688928604125977e-01
7.643035054206848145e-01
7.272688150405883789e-01
7.141898274421691895e-01
7.181674838066101074e-01
7.242551445960998535e-01
7.270544767379760742e-01
7.384341359138488770e-01
7.138798236846923828e-01
7.040569186210632324e-01
6.960553526878356934e-01
6.969671845436096191e-01
6.931459307670593262e-01
6.897926926612854004e-01
6.994240880012512207e-01
6.996763348579406738e-01
6.960470080375671387e-01
6.939843297004699707e-01
6.901754736900329590e-01
6.927970051765441895e-01
7.006689310073852539e-01
7.196421027183532715e-01
6.969931721687316895e-01
6.901477575302124023e-01
6.854451894760131836e-01
6.990157365798950195e-01
7.116917371749877930e-01
6.967887282371520996e-01
6.926546096801757812e-01
6.959958672523498535e-01
6.906159520149230957e-01
6.857692599296569824e-01
6.870959401130676270e-01
6.935991048812866211e-01
6.906333565711975098e-01
6.848406195640563965e-01
6.774252653121948242e-01
6.871644854545593262e-01
6.766761541366577148e-01
6.811434030532836914e-01
6.817767024040222168e-01
6.889537572860717773e-01
7.011786699295043945e-01
7.094404697418212891e-01
7.229525446891784668e-01
7.081585526466369629e-01
7.133502960205078125e-01
7.297996878623962402e-01
7.080019712448120117e-01
6.979020833969116211e-01
7.069312334060668945e-01
7.039883136749267578e-01
7.036936283111572266e-01
7.421835064888000488e-01
7.838687896728515625e-01
7.933550477027893066e-01
7.562696337699890137e-01
7.308016419410705566e-01
7.136726379394531250e-01
7.033901810646057129e-01
7.020145654678344727e-01
6.945788860321044922e-01
6.904184818267822266e-01
6.877362728118896484e-01
6.858088970184326172e-01
6.798648834228515625e-01
6.775721907615661621e-01
6.761416196823120117e-01
6.733871102333068848e-01
6.765458583831787109e-01
6.797543168067932129e-01
6.808987855911254883e-01
6.814911961555480957e-01
6.797774434089660645e-01
6.787955760955810547e-01
6.809133291244506836e-01
6.829120516777038574e-01
6.724011898040771484e-01
6.737951040267944336e-01
6.744491457939147949e-01
6.723495721817016602e-01
6.687294840812683105e-01
6.694883704185485840e-01
6.680461168289184570e-01
6.743374466896057129e-01
6.675274968147277832e-01
6.634132266044616699e-01
6.659511923789978027e-01
6.724509596824645996e-01
6.695978641510009766e-01
6.721146702766418457e-01
6.721052527427673340e-01
6.723493933677673340e-01
6.641193032264709473e-01
6.645108461380004883e-01
6.646985411643981934e-01
6.645829081535339355e-01
6.633921265602111816e-01
6.615324020385742188e-01
6.622812151908874512e-01
6.699880957603454590e-01
6.676981449127197266e-01
6.635854244232177734e-01
6.664152145385742188e-01
6.679810285568237305e-01
6.665070652961730957e-01
6.601486206054687500e-01
6.712878942489624023e-01
6.814499497413635254e-01
6.774458289146423340e-01
6.665414571762084961e-01
6.636770963668823242e-01
6.693592071533203125e-01
6.671752929687500000e-01
6.643500924110412598e-01
6.934706568717956543e-01
7.408579587936401367e-01
7.042310237884521484e-01
7.819375991821289062e-01
9.275742769241333008e-01
7.910659313201904297e-01
7.344064116477966309e-01
7.081844210624694824e-01
6.935843229293823242e-01
6.876566410064697266e-01
6.870084404945373535e-01
6.828636527061462402e-01
6.775207519531250000e-01
6.856600642204284668e-01
6.823930740356445312e-01
6.800295710563659668e-01
6.804302334785461426e-01
6.769962310791015625e-01
6.793783903121948242e-01
6.740896701812744141e-01
6.739383935928344727e-01
6.696838736534118652e-01
6.746265888214111328e-01
6.722940802574157715e-01
6.674796938896179199e-01
6.812999248504638672e-01
6.750786304473876953e-01
6.791465878486633301e-01
6.923326253890991211e-01
6.798688769340515137e-01
6.741484999656677246e-01
6.802388429641723633e-01
7.176331877708435059e-01
7.007845640182495117e-01
6.857588887214660645e-01
6.771510839462280273e-01
6.806105375289916992e-01
6.766828298568725586e-01
6.688465476036071777e-01
7.098802328109741211e-01
6.899374723434448242e-01
6.814067959785461426e-01
6.866635084152221680e-01
6.822055578231811523e-01
6.812877655029296875e-01
6.729429364204406738e-01
6.701327562332153320e-01
6.688897609710693359e-01
6.674232482910156250e-01
6.658586859703063965e-01
6.679411530494689941e-01
7.075509428977966309e-01
7.303215861320495605e-01
6.972942352294921875e-01
6.814081668853759766e-01
6.732590198516845703e-01
6.695689558982849121e-01
6.709083914756774902e-01
6.659286022186279297e-01
6.640029549598693848e-01
6.677314043045043945e-01
7.314856648445129395e-01
8.600022196769714355e-01
8.218503594398498535e-01
7.592359185218811035e-01
7.362951040267944336e-01
7.298196554183959961e-01
7.294460535049438477e-01
7.117372155189514160e-01
7.110288143157958984e-01
7.116276025772094727e-01
7.071310281753540039e-01
7.031747102737426758e-01
7.097475528717041016e-01
7.246151566505432129e-01
7.383967638015747070e-01
7.355930209159851074e-01
7.176519036293029785e-01
7.066219449043273926e-01
7.900281548500061035e-01
8.051986098289489746e-01
7.606927156448364258e-01
7.324369549751281738e-01
7.172956466674804688e-01
7.061704397201538086e-01
7.038282752037048340e-01
6.937386393547058105e-01
6.960104703903198242e-01
6.971008777618408203e-01
6.922620534896850586e-01
6.908689737319946289e-01
6.809325814247131348e-01
6.778014898300170898e-01
6.772570013999938965e-01
6.768062114715576172e-01
6.766348481178283691e-01
6.768773198127746582e-01
6.775019764900207520e-01
6.764870882034301758e-01
6.743769049644470215e-01
6.743975877761840820e-01
6.746360063552856445e-01
6.731122136116027832e-01
6.745364069938659668e-01
6.743629574775695801e-01
6.733089685440063477e-01
6.730648279190063477e-01
6.740683317184448242e-01
6.711880564689636230e-01
6.716498136520385742e-01
6.717258095741271973e-01
6.706331968307495117e-01
6.710698008537292480e-01
6.704663038253784180e-01
6.709916591644287109e-01
6.708245873451232910e-01
6.702306866645812988e-01
6.706497669219970703e-01
6.690065860748291016e-01
6.680727005004882812e-01
6.733462214469909668e-01
6.743972897529602051e-01
6.763209700584411621e-01
6.750637888908386230e-01
6.704930067062377930e-01
6.707887053489685059e-01
6.710810065269470215e-01
6.709831357002258301e-01
6.737449169158935547e-01
6.707670092582702637e-01
6.697653532028198242e-01
6.718265414237976074e-01
6.723524332046508789e-01
6.721824407577514648e-01
6.724149584770202637e-01
6.696199178695678711e-01
6.716608405113220215e-01
6.769817471504211426e-01
6.737834811210632324e-01
6.702674627304077148e-01
6.675606369972229004e-01
6.699095964431762695e-01
6.691645979881286621e-01
6.844961643218994141e-01
6.837838292121887207e-01
6.791840195655822754e-01
6.719869971275329590e-01
6.723430156707763672e-01
6.708751320838928223e-01
6.727960109710693359e-01
6.678953766822814941e-01
6.702266335487365723e-01
6.682515740394592285e-01
6.695531010627746582e-01
6.677378416061401367e-01
6.691409945487976074e-01
6.672752499580383301e-01
6.689118146896362305e-01
6.704397797584533691e-01
6.666501164436340332e-01
6.682194471359252930e-01
6.655128002166748047e-01
6.688969731330871582e-01
6.690576076507568359e-01
6.661999225616455078e-01
6.784530282020568848e-01
6.838307976722717285e-01
7.262096405029296875e-01
6.964291334152221680e-01
6.790984869003295898e-01
6.761137843132019043e-01
6.706058382987976074e-01
6.676968932151794434e-01
6.672506332397460938e-01
6.647989749908447266e-01
6.674463748931884766e-01
6.681116223335266113e-01
6.669368743896484375e-01
6.647794842720031738e-01
6.651008725166320801e-01
6.655771136283874512e-01
6.657730937004089355e-01
6.748570799827575684e-01
7.052770256996154785e-01
6.934822797775268555e-01
6.818643808364868164e-01
6.740077733993530273e-01
6.702697873115539551e-01
6.681312918663024902e-01
6.683518290519714355e-01
6.662934422492980957e-01
6.691496372222900391e-01
6.792012453079223633e-01
6.864206790924072266e-01
6.984428167343139648e-01
6.883829832077026367e-01
6.908642649650573730e-01
7.069262266159057617e-01
7.831412553787231445e-01
7.772594094276428223e-01
7.510719299316406250e-01
7.222851514816284180e-01
7.178351283073425293e-01
7.113931179046630859e-01
6.996335387229919434e-01
6.950203180313110352e-01
6.906077861785888672e-01
6.863372325897216797e-01
6.850167512893676758e-01
6.843290925025939941e-01
6.853650808334350586e-01
6.828095316886901855e-01
6.797448396682739258e-01
6.779085993766784668e-01
6.766515374183654785e-01
6.773111224174499512e-01
6.734446287155151367e-01
6.733343601226806641e-01
6.712951064109802246e-01
6.718860864639282227e-01
6.742087006568908691e-01
6.727858185768127441e-01
6.727688312530517578e-01
6.720325946807861328e-01
6.712144017219543457e-01
6.678674221038818359e-01
6.693024039268493652e-01
6.684424281120300293e-01
6.675045490264892578e-01
6.671488881111145020e-01
6.678682565689086914e-01
6.690437197685241699e-01
6.669250726699829102e-01
6.698606014251708984e-01
6.739968657493591309e-01
6.801479458808898926e-01
6.811417937278747559e-01
6.805009245872497559e-01
6.748511791229248047e-01
6.721594333648681641e-01
6.736890673637390137e-01
6.669155955314636230e-01
6.651861071586608887e-01
6.638687849044799805e-01
6.641455292701721191e-01
6.637073755264282227e-01
6.623430252075195312e-01
6.617953777313232422e-01
6.633546948432922363e-01
6.625809073448181152e-01
6.610515117645263672e-01
6.611047387123107910e-01
6.613703370094299316e-01
6.616970300674438477e-01
6.611918807029724121e-01
6.609964370727539062e-01
6.610680818557739258e-01
6.614987850189208984e-01
6.600868701934814453e-01
6.599702239036560059e-01
6.604567766189575195e-01
6.602652668952941895e-01
6.603662967681884766e-01
6.598055958747863770e-01
6.595979332923889160e-01
6.612421870231628418e-01
6.624905467033386230e-01
6.615554094314575195e-01
6.619050502777099609e-01
6.640517115592956543e-01
6.609794497489929199e-01
6.607988476753234863e-01
6.605651378631591797e-01
6.598851680755615234e-01
6.600089669227600098e-01
6.586744189262390137e-01
6.594599485397338867e-01
6.587026119232177734e-01
6.585612893104553223e-01
6.598699092864990234e-01
6.582458615303039551e-01
6.588932275772094727e-01
6.575261354446411133e-01
6.663993597030639648e-01
6.656556725502014160e-01
6.652767658233642578e-01
6.639872789382934570e-01
6.614362001419067383e-01
6.621514558792114258e-01
6.611425280570983887e-01
6.595608592033386230e-01
6.597050428390502930e-01
6.611369848251342773e-01
6.578007340431213379e-01
6.581981778144836426e-01
6.590801477432250977e-01
6.592079401016235352e-01
6.578240990638732910e-01
6.587259769439697266e-01
6.591878533363342285e-01
6.597740054130554199e-01
6.591819524765014648e-01
6.578149199485778809e-01
6.580234169960021973e-01
6.581563949584960938e-01
6.578552722930908203e-01
6.594201326370239258e-01
6.588053107261657715e-01
6.581070423126220703e-01
6.575956344604492188e-01
6.602067351341247559e-01
6.581051945686340332e-01
6.573394536972045898e-01
6.570201516151428223e-01
6.574577689170837402e-01
6.567795872688293457e-01
6.564413905143737793e-01
6.572930216789245605e-01
6.569608449935913086e-01
6.566994190216064453e-01
6.557585597038269043e-01
6.597168445587158203e-01
6.586616635322570801e-01
6.566293239593505859e-01
6.572023630142211914e-01
6.564982533454895020e-01
6.548436880111694336e-01
6.551479697227478027e-01
6.552102565765380859e-01
6.542609333992004395e-01
6.542010903358459473e-01
6.548553705215454102e-01
6.544713973999023438e-01
6.547085642814636230e-01
6.549207568168640137e-01
6.552560329437255859e-01
6.544713377952575684e-01
6.536092162132263184e-01
6.544686555862426758e-01
6.548342108726501465e-01
6.559382081031799316e-01
6.548603177070617676e-01
6.583446264266967773e-01
6.651373505592346191e-01
6.746427416801452637e-01
6.756875514984130859e-01
6.771572828292846680e-01
6.779791712760925293e-01
6.717201471328735352e-01
6.654380559921264648e-01
6.618446111679077148e-01
6.601771116256713867e-01
6.627091765403747559e-01
6.742047071456909180e-01
6.841373443603515625e-01
6.697217226028442383e-01
6.607499718666076660e-01
6.583397984504699707e-01
6.557857990264892578e-01
6.556389331817626953e-01
6.550568342208862305e-01
6.553464531898498535e-01
6.547204852104187012e-01
6.534587144851684570e-01
6.546784043312072754e-01
6.532876491546630859e-01
6.521112322807312012e-01
6.537914276123046875e-01
6.537148356437683105e-01
6.564404368400573730e-01
6.612233519554138184e-01
6.570745706558227539e-01
6.557404994964599609e-01
6.537960767745971680e-01
6.536598205566406250e-01
6.535084247589111328e-01
6.532142758369445801e-01
6.528219580650329590e-01
6.534941196441650391e-01
6.527207493782043457e-01
6.517465710639953613e-01
6.526802778244018555e-01
6.519600152969360352e-01
6.520035266876220703e-01
6.522172093391418457e-01
6.523541212081909180e-01
6.524975299835205078e-01
6.520439982414245605e-01
6.525662541389465332e-01
6.579956412315368652e-01
6.564992666244506836e-01
6.536198854446411133e-01
6.513183712959289551e-01
6.506243944168090820e-01
6.504893898963928223e-01
6.504775881767272949e-01
6.502005457878112793e-01
6.504821777343750000e-01
6.504098176956176758e-01
6.508857011795043945e-01
6.503202915191650391e-01
6.500318646430969238e-01
6.501852869987487793e-01
6.501469016075134277e-01
6.497686505317687988e-01
6.497235894203186035e-01
6.498398184776306152e-01
6.494415998458862305e-01
6.503741741180419922e-01
6.498172879219055176e-01
6.493812799453735352e-01
6.498598456382751465e-01
6.491584181785583496e-01
6.495820879936218262e-01
6.494137644767761230e-01
6.490383744239807129e-01
6.488679051399230957e-01
6.492685079574584961e-01
6.493989825248718262e-01
6.492515802383422852e-01
6.484758257865905762e-01
6.488146185874938965e-01
6.491052508354187012e-01
6.487009525299072266e-01
6.489874720573425293e-01
6.487551927566528320e-01
6.487652063369750977e-01
6.482775807380676270e-01
6.487926244735717773e-01
6.488541364669799805e-01
6.482135653495788574e-01
6.486003398895263672e-01
6.481825113296508789e-01
6.481364965438842773e-01
6.487025618553161621e-01
6.482313275337219238e-01
6.483678817749023438e-01
6.480367183685302734e-01
6.484332680702209473e-01
6.483708024024963379e-01
6.477320790290832520e-01
6.479155421257019043e-01
6.484101414680480957e-01
6.479120850563049316e-01
6.476568579673767090e-01
6.477454900741577148e-01
6.483808159828186035e-01
6.481838822364807129e-01
6.475612521171569824e-01
6.473645567893981934e-01
6.476655602455139160e-01
6.473526358604431152e-01
6.475024819374084473e-01
6.473376154899597168e-01
6.477745175361633301e-01
6.472553014755249023e-01
6.472302675247192383e-01
6.479544043540954590e-01
6.473780870437622070e-01
6.468232274055480957e-01
6.472145318984985352e-01
6.477522253990173340e-01
6.474164128303527832e-01
6.471471190452575684e-01
6.471315026283264160e-01
6.473131775856018066e-01
6.474693417549133301e-01
6.473533511161804199e-01
6.475102901458740234e-01
6.470236182212829590e-01
6.468073129653930664e-01
6.467962861061096191e-01
6.471253633499145508e-01
6.466856598854064941e-01
6.467886567115783691e-01
6.467489600181579590e-01
6.465259790420532227e-01
6.466385722160339355e-01
6.501028537750244141e-01
6.500981450080871582e-01
6.490286588668823242e-01
6.477623581886291504e-01
6.478461623191833496e-01
6.476362943649291992e-01
6.475962996482849121e-01
6.473824977874755859e-01
6.468244194984436035e-01
6.468420624732971191e-01
6.471065282821655273e-01
6.469641327857971191e-01
6.469008326530456543e-01
6.463209390640258789e-01
6.461181640625000000e-01
6.459252834320068359e-01
6.461207270622253418e-01
6.464192271232604980e-01
6.460381150245666504e-01
6.466016769409179688e-01
6.463553309440612793e-01
6.461032629013061523e-01
6.464319229125976562e-01
6.461463570594787598e-01
6.459976434707641602e-01
6.458417177200317383e-01
6.456688046455383301e-01
6.456684470176696777e-01
6.456931233406066895e-01
6.461362242698669434e-01
6.453391909599304199e-01
6.460410356521606445e-01
6.463329195976257324e-01
6.465079188346862793e-01
6.460934877395629883e-01
6.457368731498718262e-01
6.459310650825500488e-01
6.467509865760803223e-01
6.463640928268432617e-01
6.460592150688171387e-01
6.459709405899047852e-01
6.456182599067687988e-01
6.454811692237854004e-01
6.459633708000183105e-01
6.454373002052307129e-01
6.454070806503295898e-01
6.456589102745056152e-01
6.456169486045837402e-01
6.449995040893554688e-01
6.453077793121337891e-01
6.456978917121887207e-01
6.451016068458557129e-01
6.450980901718139648e-01
6.455466151237487793e-01
6.455591917037963867e-01
6.450870633125305176e-01
6.444951891899108887e-01
6.454313397407531738e-01
6.454147696495056152e-01
6.453925371170043945e-01
6.451854705810546875e-01
6.447486877441406250e-01
6.445626020431518555e-01
6.439782977104187012e-01
6.439501643180847168e-01
6.439150571823120117e-01
6.438124775886535645e-01
6.438490748405456543e-01
6.439456343650817871e-01
6.440641283988952637e-01
6.440122127532958984e-01
6.439688801765441895e-01
6.440128087997436523e-01
6.440176367759704590e-01
6.440184116363525391e-01
6.438330411911010742e-01
6.438053250312805176e-01
6.437532305717468262e-01
6.440671086311340332e-01
6.440404653549194336e-01
6.439102292060852051e-01
6.438139677047729492e-01
6.439186334609985352e-01
6.437902450561523438e-01
6.437708735466003418e-01
6.437215805053710938e-01
6.439383625984191895e-01
6.438008546829223633e-01
6.438253521919250488e-01
6.437025666236877441e-01
6.436027288436889648e-01
6.436044573783874512e-01
6.438934206962585449e-01
6.437546610832214355e-01
6.436027288436889648e-01
6.438077688217163086e-01
6.436231732368469238e-01
6.434525847434997559e-01
6.437046527862548828e-01
6.439155340194702148e-01
6.437119245529174805e-01
6.435301303863525391e-01
6.436796188354492188e-01
6.436499357223510742e-01
6.436179280281066895e-01
6.436071395874023438e-01
6.435906291007995605e-01
6.435497403144836426e-01
6.435822248458862305e-01
6.433675885200500488e-01
6.434116363525390625e-01
6.435693502426147461e-01
6.435191035270690918e-01
6.434915065765380859e-01
6.435686945915222168e-01
6.433759927749633789e-01
6.434699296951293945e-01
6.433592438697814941e-01
6.432697772979736328e-01
6.433624029159545898e-01
6.435890793800354004e-01
6.436664462089538574e-01
6.435646414756774902e-01
6.434001922607421875e-01
6.433725953102111816e-01
6.432505846023559570e-01
6.433984041213989258e-01
6.435266733169555664e-01
6.434311270713806152e-01
6.437997221946716309e-01
6.434346437454223633e-01
6.434791088104248047e-01
6.433705091476440430e-01
6.431391835212707520e-01
6.431394815444946289e-01
6.432617306709289551e-01
6.432272791862487793e-01
6.431635618209838867e-01
6.433327794075012207e-01
6.431309580802917480e-01
6.429405808448791504e-01
6.430669426918029785e-01
6.431010961532592773e-01
6.432853937149047852e-01
6.431466341018676758e-01
6.431797146797180176e-01
6.431547403335571289e-01
6.431960463523864746e-01
6.430566906929016113e-01
6.431806683540344238e-01
6.429668068885803223e-01
6.429415941238403320e-01
6.430299878120422363e-01
6.430332064628601074e-01
6.429024338722229004e-01
6.431199312210083008e-01
6.429509520530700684e-01
6.432930231094360352e-01
6.430328488349914551e-01
6.429221034049987793e-01
6.428750157356262207e-01
6.428041458129882812e-01
6.429119110107421875e-01
6.428705453872680664e-01
6.429393887519836426e-01
6.429193615913391113e-01
6.425572633743286133e-01
6.425753831863403320e-01
6.429592967033386230e-01
6.429348587989807129e-01
6.428746581077575684e-01
6.429128050804138184e-01
6.428872942924499512e-01
6.426445245742797852e-01
6.428038477897644043e-01
6.427943706512451172e-01
6.425402164459228516e-01
6.427968144416809082e-01
6.429374814033508301e-01
6.427353620529174805e-01
6.425352692604064941e-01
6.425683498382568359e-01
6.429995298385620117e-01
6.430926918983459473e-01
6.426051855087280273e-01
6.425294876098632812e-01
6.425516605377197266e-01
6.425961852073669434e-01
6.425562500953674316e-01
6.424438357353210449e-01
6.426118016242980957e-01
6.425706148147583008e-01
6.425133943557739258e-01
6.424874067306518555e-01
6.425302028656005859e-01
6.425048708915710449e-01
6.424232721328735352e-01
6.425877213478088379e-01
6.426376700401306152e-01
6.425044536590576172e-01
6.425208449363708496e-01
6.425941586494445801e-01
6.425614953041076660e-01
6.423898339271545410e-01
6.424455046653747559e-01
6.423322558403015137e-01
6.424933075904846191e-01
6.423844099044799805e-01
6.424197554588317871e-01
6.423659920692443848e-01
6.423026919364929199e-01
6.422477364540100098e-01
6.421614289283752441e-01
6.419011950492858887e-01
6.419013142585754395e-01
6.420133113861083984e-01
6.419422626495361328e-01
6.419680714607238770e-01
6.420037746429443359e-01
6.420252323150634766e-01
6.419115662574768066e-01
6.419226527214050293e-01
6.419116854667663574e-01
6.419880986213684082e-01
6.419658064842224121e-01
6.419324278831481934e-01
6.418693661689758301e-01
6.419670581817626953e-01
6.419242620468139648e-01
6.418739557266235352e-01
6.419436335563659668e-01
6.419499516487121582e-01
6.418740749359130859e-01
6.418628692626953125e-01
6.419459581375122070e-01
6.418848037719726562e-01
6.418765187263488770e-01
6.418803930282592773e-01
6.419357061386108398e-01
6.418813467025756836e-01
6.418207883834838867e-01
6.418253779411315918e-01
6.419380903244018555e-01
6.418657898902893066e-01
6.417989134788513184e-01
6.417484879493713379e-01
6.418048739433288574e-01
6.417580842971801758e-01
6.417757868766784668e-01
6.417832970619201660e-01
6.417766213417053223e-01
6.417798995971679688e-01
6.418456435203552246e-01
6.418084502220153809e-01
6.418181061744689941e-01
6.418472528457641602e-01
6.417743563652038574e-01
6.417531967163085938e-01
6.417350172996520996e-01
6.417983174324035645e-01
6.417757868766784668e-01
6.417780518531799316e-01
6.417986154556274414e-01
6.416473388671875000e-01
6.417213082313537598e-01
6.417452692985534668e-01
6.416962742805480957e-01
6.418248414993286133e-01
6.418014764785766602e-01
6.418347954750061035e-01
6.417282223701477051e-01
6.416263580322265625e-01
6.417351961135864258e-01
6.417204737663269043e-01
6.416282653808593750e-01
6.416494250297546387e-01
6.416601538658142090e-01
6.416822075843811035e-01
6.416636705398559570e-01
6.416126489639282227e-01
6.416713595390319824e-01
6.416536569595336914e-01
6.416764855384826660e-01
6.416968703269958496e-01
6.416659951210021973e-01
6.416274309158325195e-01
6.415782570838928223e-01
6.415911316871643066e-01
6.416394710540771484e-01
6.417442560195922852e-01
6.415662169456481934e-01
6.416126489639282227e-01
6.417191028594970703e-01
6.417232155799865723e-01
6.415873765945434570e-01
6.415901184082031250e-01
6.416511535644531250e-01
6.415863633155822754e-01
6.415625214576721191e-01
6.416326165199279785e-01
6.415226459503173828e-01
6.416028738021850586e-01
6.416230797767639160e-01
6.414970159530639648e-01
6.415464878082275391e-01
6.415437459945678711e-01
6.415608525276184082e-01
6.415535211563110352e-01
6.415635347366333008e-01
6.415805816650390625e-01
6.415110230445861816e-01
6.414653062820434570e-01
6.415149569511413574e-01
6.414967179298400879e-01
6.415379643440246582e-01
6.415025591850280762e-01
6.415061354637145996e-01
6.414129137992858887e-01
6.414611935615539551e-01
6.415240764617919922e-01
6.414917707443237305e-01
6.414819359779357910e-01
6.415218710899353027e-01
6.415784955024719238e-01
6.415516734123229980e-01
6.414390206336975098e-01
6.413876414299011230e-01
6.414033770561218262e-01
6.414405107498168945e-01
6.413999795913696289e-01
6.414766907691955566e-01
6.414462924003601074e-01
6.415088772773742676e-01
6.413363218307495117e-01
6.413602232933044434e-01
6.414071917533874512e-01
6.414200067520141602e-01
6.414083838462829590e-01
6.413934826850891113e-01
6.413879394531250000e-01
6.413707137107849121e-01
6.414040327072143555e-01
6.414606571197509766e-01
6.413484215736389160e-01
6.413356661796569824e-01
6.413198113441467285e-01
6.413241028785705566e-01
6.413910388946533203e-01
6.413012146949768066e-01
6.414096355438232422e-01
6.414288878440856934e-01
6.413732171058654785e-01
6.414236426353454590e-01
6.413872241973876953e-01
6.413499712944030762e-01
6.412789225578308105e-01
6.413176059722900391e-01
6.412801742553710938e-01
6.412780880928039551e-01
6.413553357124328613e-01
6.412941813468933105e-01
6.412404775619506836e-01
