1.792178303003311157e-02
1.093901880085468292e-02
8.298822678625583649e-03
6.447727791965007782e-03
5.065015517175197601e-03
4.179941490292549133e-03
3.747795009985566139e-03
3.117075655609369278e-03
2.792943967506289482e-03
2.874745754525065422e-03
4.898087587207555771e-03
3.619347000494599342e-03
2.817953936755657196e-03
2.607262693345546722e-03
2.347595756873488426e-03
2.181240357458591461e-03
1.967924181371927261e-03
1.948675489984452724e-03
1.705967821180820465e-03
1.570423250086605549e-03
1.507414737716317177e-03
1.485300366766750813e-03
1.266202190890908241e-03
1.222043647430837154e-03
1.173946075141429901e-03
1.105479546822607517e-03
1.219423953443765640e-03
1.005979953333735466e-03
1.027098041959106922e-03
9.229512652382254601e-04
9.217575425282120705e-04
9.577575838193297386e-04
8.519456605426967144e-04
8.559452835470438004e-04
9.438660927116870880e-04
1.299698022194206715e-03
1.029388280585408211e-03
9.363729041069746017e-04
9.126833174377679825e-04
7.662962307222187519e-04
1.044056145474314690e-03
2.372967079281806946e-03
4.031097516417503357e-03
1.944681862369179726e-03
1.407138537615537643e-03
1.233109738677740097e-03
1.128755859099328518e-03
1.182661158964037895e-03
9.754956699907779694e-04
9.627499384805560112e-04
9.145391522906720638e-04
7.986068958416581154e-04
8.153249509632587433e-04
8.295670850202441216e-04
8.028264273889362812e-04
6.480884039774537086e-04
6.685581756755709648e-04
7.305823382921516895e-04
7.064276724122464657e-04
1.610641018487513065e-03
3.009389387443661690e-03
1.227214001119136810e-03
9.540461469441652298e-04
8.962163119576871395e-04
9.252235759049654007e-04
7.849453249946236610e-04
6.566265365108847618e-04
6.689241272397339344e-04
6.243569660000503063e-04
6.202921504154801369e-04
6.000894936732947826e-04
6.492683314718306065e-04
7.901322678662836552e-04
9.683207608759403229e-04
8.500303374603390694e-04
7.543143001385033131e-04
7.408204837702214718e-04
6.606679526157677174e-04
6.070528761483728886e-04
5.686979857273399830e-04
5.809226422570645809e-04
5.430076853372156620e-04
5.434339400380849838e-04
5.251683178357779980e-04
5.161787266843020916e-04
5.683106719516217709e-04
1.075377338565886021e-03
1.527540385723114014e-03
1.010783715173602104e-03
7.583306869491934776e-04
6.671275477856397629e-04
5.758043262176215649e-04
5.340413190424442291e-04
5.400331574492156506e-04
6.280804518610239029e-04
8.184055914171040058e-04
5.948563339188694954e-04
6.433339440263807774e-04
5.269599496386945248e-04
4.984705010429024696e-04
6.666904664598405361e-04
6.182950455695390701e-04
5.085640586912631989e-04
4.924698150716722012e-04
5.335542373359203339e-04
4.994717310182750225e-04
4.541201633401215076e-04
5.287465173751115799e-04
5.079286638647317886e-04
8.706402732059359550e-04
7.375626009888947010e-04
5.486400332301855087e-04
4.783714539371430874e-04
4.497084009926766157e-04
4.253183724358677864e-04
4.713301023002713919e-04
4.874603764619678259e-04
4.696845135185867548e-04
4.392154514789581299e-04
1.878494163975119591e-03
2.399794291704893112e-03
1.046795281581580639e-03
7.490068674087524414e-04
6.768120802007615566e-04
5.475361831486225128e-04
5.903242854401469231e-04
7.387130171991884708e-04
6.353000062517821789e-04
4.936273326165974140e-04
4.265737079549580812e-04
4.435446462593972683e-04
4.423542704898864031e-04
4.045680980198085308e-04
4.399502358864992857e-04
4.593702324200421572e-04
3.894210676662623882e-04
4.234110238030552864e-04
4.072488227393478155e-04
3.899741277564316988e-04
4.390924877952784300e-04
3.881031880155205727e-04
1.008915249258279800e-03
1.449465285986661911e-03
8.287121891044080257e-04
6.025689654052257538e-04
5.514961667358875275e-04
6.112498231232166290e-04
5.997873377054929733e-04
4.522578674368560314e-04
4.403862694744020700e-04
4.130151937715709209e-04
3.953884588554501534e-04
4.014472360722720623e-04
4.120950761716812849e-04
3.974137071054428816e-04
4.009336698800325394e-04
3.800191334448754787e-04
4.772377142217010260e-04
4.124263941776007414e-04
3.778546233661472797e-04
