7.777956128120422363e-01
4.070032536983489990e-01
3.524479568004608154e-01
2.993061244487762451e-01
2.453580647706985474e-01
2.039272636175155640e-01
1.961217820644378662e-01
1.764775812625885010e-01
1.615569144487380981e-01
1.836269050836563110e-01
2.153483629226684570e-01
1.783227920532226562e-01
1.613842248916625977e-01
1.469861716032028198e-01
1.511276364326477051e-01
1.318516880273818970e-01
1.430019438266754150e-01
1.403208822011947632e-01
1.210701391100883484e-01
1.133231893181800842e-01
1.131947487592697144e-01
1.154326125979423523e-01
1.047990396618843079e-01
1.069554388523101807e-01
1.091201528906822205e-01
1.326149553060531616e-01
1.459800004959106445e-01
1.131937205791473389e-01
1.059557273983955383e-01
9.562136977910995483e-02
1.112485602498054504e-01
9.992813318967819214e-02
9.554749727249145508e-02
9.169968962669372559e-02
1.246530264616012573e-01
1.504236459732055664e-01
1.166005805134773254e-01
1.161158755421638489e-01
1.037882417440414429e-01
9.134257584810256958e-02
1.214895546436309814e-01
2.014853060245513916e-01
1.979514360427856445e-01
1.326708197593688965e-01
1.217044293880462646e-01
1.108009368181228638e-01
1.106010526418685913e-01
1.364206075668334961e-01
1.155092716217041016e-01
1.063686534762382507e-01
1.058288589119911194e-01
9.967949986457824707e-02
1.017245948314666748e-01
9.572176635265350342e-02
1.051975712180137634e-01
1.124397814273834229e-01
1.019675955176353455e-01
8.876312524080276489e-02
1.154298186302185059e-01
1.529581099748611450e-01
1.480064988136291504e-01
1.586870104074478149e-01
1.093423590064048767e-01
1.205786988139152527e-01
1.105927005410194397e-01
1.167556121945381165e-01
8.936132490634918213e-02
1.000214368104934692e-01
9.144106507301330566e-02
9.341924637556076050e-02
9.643493592739105225e-02
1.272730380296707153e-01
1.274741441011428833e-01
1.764427125453948975e-01
1.647820919752120972e-01
1.510656774044036865e-01
1.353794932365417480e-01
1.275753080844879150e-01
9.193804860115051270e-02
8.875308930873870850e-02
8.482180535793304443e-02
8.425821363925933838e-02
8.887563645839691162e-02
8.716610074043273926e-02
8.678527921438217163e-02
1.157734021544456482e-01
1.916778236627578735e-01
1.373613625764846802e-01
1.075620576739311218e-01
8.919044584035873413e-02
9.034191071987152100e-02
7.906549423933029175e-02
8.633617311716079712e-02
8.898881822824478149e-02
8.706694841384887695e-02
1.211535334587097168e-01
9.755877405405044556e-02
8.288164436817169189e-02
8.057518303394317627e-02
8.286345750093460083e-02
1.285479813814163208e-01
9.952352195978164673e-02
8.038390427827835083e-02
7.764606177806854248e-02
8.492419123649597168e-02
9.155640006065368652e-02
7.666892558336257935e-02
9.815281629562377930e-02
8.207066357135772705e-02
1.039081364870071411e-01
8.765418082475662231e-02
7.472750544548034668e-02
8.354486525058746338e-02
7.749953120946884155e-02
7.596643269062042236e-02
7.677312195301055908e-02
8.915355056524276733e-02
7.769004255533218384e-02
7.758432626724243164e-02
1.587872654199600220e-01
1.540884822607040405e-01
1.280298084020614624e-01
9.884694963693618774e-02
1.218946948647499084e-01
9.631287306547164917e-02
9.120867401361465454e-02
1.136914566159248352e-01
1.037057787179946899e-01
8.638896793127059937e-02
7.537203282117843628e-02
7.534614205360412598e-02
7.983058691024780273e-02
7.548896223306655884e-02
7.640513032674789429e-02
7.472473382949829102e-02
7.693774998188018799e-02
7.341940701007843018e-02
6.811693310737609863e-02
7.188846915960311890e-02
7.116466015577316284e-02
7.470509409904479980e-02
1.095350459218025208e-01
1.527246832847595215e-01
9.677448868751525879e-02
8.966842293739318848e-02
1.107647866010665894e-01
1.251446604728698730e-01
1.328592002391815186e-01
9.240788221359252930e-02
7.609415799379348755e-02
6.643408536911010742e-02
6.700748950242996216e-02
6.537615507841110229e-02
7.557702809572219849e-02
6.424239277839660645e-02
6.654206663370132446e-02
6.213260069489479065e-02
7.773309201002120972e-02
6.730580329895019531e-02
6.658731400966644287e-02
