7.663911105737497564e-07
6.409523393813287839e-06
6.385326400959456805e-07
8.576966479267866816e-07
6.485089443231117912e-07
1.085212716134265065e-06
1.087669602384266909e-06
9.953754442904028110e-07
1.309088929701829329e-06
1.063010358848259784e-06
4.057775981891609263e-07
8.045499271247535944e-07
4.375162063752213726e-07
7.450570365108433180e-07
6.771168159502849448e-07
7.773521133458416443e-07
8.800187174529128242e-07
1.235411900779581629e-06
7.308224780899763573e-07
7.462711550942913163e-07
6.467453204095363617e-07
6.003606358717661351e-07
7.663277870051388163e-07
8.798368185125582386e-07
8.826510224935191218e-07
1.279549451282946393e-06
5.593835794570622966e-07
7.468617013728362508e-07
5.238937319518299773e-07
9.729184284879011102e-07
1.059220835486485157e-06
8.955850603342696559e-07
4.474885599847766571e-07
1.041124960465822369e-06
1.408906427968759090e-06
7.774427785989246331e-07
1.285676830775628332e-06
8.168224781002209056e-07
9.671510952102835290e-07
1.065304218172968831e-06
6.878670433252409566e-07
3.389370931472512893e-06
1.045456428983015940e-06
8.689854666954488494e-07
7.066668104016571306e-07
5.777407068308093585e-07
5.908493108108814340e-07
8.067485737228707876e-07
5.969648668724403251e-07
4.927595114168070722e-07
6.905972895765444264e-07
7.749455335215316154e-07
6.282753020059317350e-07
7.425329613397479989e-07
1.219698901877563912e-06
1.021337311613024212e-06
6.437101092160446569e-07
5.302292152009613346e-07
8.495392762597475667e-07
3.403244818400708027e-06
1.315114445787912700e-06
2.341701588193245698e-07
9.070163855540158693e-07
1.058537691278615966e-06
7.913309900686726905e-07
5.395077096181921661e-07
8.540752673980023246e-07
5.416680437519971747e-07
6.838370154582662508e-07
6.822298246333957650e-07
9.348224807581573259e-07
8.790606216280139051e-07
1.589033672644291073e-06
7.420580345751659479e-07
6.795191325181804132e-07
1.310100515183876269e-06
4.969313067704206333e-07
6.799636480536719318e-07
1.062420096786809154e-06
7.266795023497252259e-07
8.523656447323446628e-07
5.578355057878070511e-07
3.275519588896713685e-07
7.627278932886838447e-07
1.001708028525172267e-06
1.129295583268685732e-06
1.005870672088349238e-06
1.650508352213364560e-06
4.900234671367798001e-07
6.139066499599721283e-07
8.012957550818100572e-07
8.412305874117009807e-07
6.593726880055328365e-07
6.603507927138707601e-07
1.019317892314575147e-06
7.758504239063768182e-07
8.156031299222377129e-07
3.975521281063265633e-07
7.554863827863300685e-07
1.021370508169638924e-06
1.118694513024820480e-06
6.815948268013016786e-07
7.113043238859972917e-07
7.213770913949701935e-07
5.741694053540413734e-07
7.946504751998872962e-07
9.812913503992604092e-07
9.539525080981547944e-07
9.200380191032309085e-07
6.430158805414976086e-07
6.368862273120612372e-07
8.048723998399509583e-07
5.973008683213265613e-07
7.976775009410630446e-07
6.025545644661178812e-07
4.897060534858610481e-07
7.819068628123204689e-07
1.091967305910657160e-06
7.505997245971229859e-07
8.750423603487433866e-07
1.567887352393881883e-06
5.153276561031816527e-07
1.216589339492202271e-06
4.620373204033967340e-07
9.445395789953181520e-07
6.808461989749048371e-07
1.137135654971643817e-06
8.403617357544135302e-07
5.019291506869194563e-07
6.749345402567996643e-07
6.755009280823287554e-07
5.797977564725442789e-07
6.145282327452150639e-07
4.420921300152258482e-07
5.740519668506749440e-07
7.329620075324783102e-07
5.840083190378209110e-07
6.555450227097026072e-07
5.421038054009841289e-07
7.256892899931699503e-07
8.801727631180256139e-07
1.431701775800320320e-06
5.656676194121246226e-07
5.511193421625648625e-07
6.160914836073061451e-07
1.860352767835138366e-06
5.724503466808528174e-07
1.286072802031412721e-06
6.290722467383602634e-07
4.898736847280815709e-07
6.294089871516916901e-07
3.560459163054474629e-07
7.594100566166162025e-07
3.297878947705612518e-07
6.025015295563207474e-07
3.791943470332626021e-07
7.443730396516912151e-07
3.414891409647680121e-07
7.684717502343119122e-07
4.426446764682623325e-07
