9.594884514808654785e-02
2.176149487495422363e-01
1.435650438070297241e-01
1.235822290182113647e-01
1.182176843285560608e-01
1.301413178443908691e-01
1.362561881542205811e-01
1.374549418687820435e-01
1.349129229784011841e-01
1.281608343124389648e-01
1.641559153795242310e-01
1.439638286828994751e-01
1.230031996965408325e-01
1.261673420667648315e-01
1.195733249187469482e-01
1.265043169260025024e-01
1.254537701606750488e-01
1.284281015396118164e-01
1.303708702325820923e-01
1.315483450889587402e-01
1.300962716341018677e-01
1.290602385997772217e-01
1.304829716682434082e-01
1.298607587814331055e-01
1.320463418960571289e-01
1.255463510751724243e-01
1.292391270399093628e-01
1.325624883174896240e-01
1.244411021471023560e-01
1.292508095502853394e-01
1.216579526662826538e-01
1.257802993059158325e-01
1.221132874488830566e-01
1.264364719390869141e-01
1.225157454609870911e-01
1.266852766275405884e-01
1.239262744784355164e-01
1.120130345225334167e-01
1.250635683536529541e-01
1.277077496051788330e-01
1.177183166146278381e-01
1.308670192956924438e-01
1.315223127603530884e-01
1.239202320575714111e-01
1.148234084248542786e-01
1.131004542112350464e-01
1.134077459573745728e-01
1.114576309919357300e-01
1.082078292965888977e-01
1.091622710227966309e-01
1.179398074746131897e-01
1.155766695737838745e-01
1.169415116310119629e-01
1.198294386267662048e-01
1.242451891303062439e-01
1.147084161639213562e-01
1.128974184393882751e-01
1.189731582999229431e-01
1.126581504940986633e-01
1.488014757633209229e-01
1.479508876800537109e-01
9.802734106779098511e-02
1.136761680245399475e-01
1.129421889781951904e-01
1.263222545385360718e-01
1.083373352885246277e-01
1.201917752623558044e-01
1.144717782735824585e-01
1.175125241279602051e-01
1.156638413667678833e-01
1.115988418459892273e-01
1.100884601473808289e-01
1.301877349615097046e-01
1.424112915992736816e-01
1.224161237478256226e-01
1.234165579080581665e-01
1.161946803331375122e-01
1.095589548349380493e-01
1.256580948829650879e-01
1.170322000980377197e-01
1.214921399950981140e-01
1.152945309877395630e-01
1.164345070719718933e-01
1.156821995973587036e-01
1.135555058717727661e-01
1.057592704892158508e-01
1.045760363340377808e-01
1.117063015699386597e-01
1.012270674109458923e-01
1.112220659852027893e-01
1.128729134798049927e-01
1.192783862352371216e-01
1.069719344377517700e-01
1.086428463459014893e-01
1.134616732597351074e-01
9.351775050163269043e-02
1.012668684124946594e-01
1.081309691071510315e-01
1.116433367133140564e-01
1.119393929839134216e-01
9.770465642213821411e-02
1.079749166965484619e-01
1.079940423369407654e-01
1.090943515300750732e-01
1.069735437631607056e-01
1.092159003019332886e-01
1.149759665131568909e-01
1.029417887330055237e-01
1.173835247755050659e-01
1.024520695209503174e-01
9.333910048007965088e-02
1.129519864916801453e-01
1.033440753817558289e-01
1.080981940031051636e-01
1.029217317700386047e-01
1.047494187951087952e-01
1.018393412232398987e-01
1.169769316911697388e-01
1.002001464366912842e-01
1.223576813936233521e-01
1.226046085357666016e-01
1.045787110924720764e-01
1.080721095204353333e-01
9.806417673826217651e-02
1.084668859839439392e-01
1.103468239307403564e-01
1.049378141760826111e-01
1.041551679372787476e-01
9.901840239763259888e-02
1.059321612119674683e-01
1.063808500766754150e-01
1.112520247697830200e-01
1.037010699510574341e-01
1.065722182393074036e-01
1.047786325216293335e-01
1.029034778475761414e-01
1.076100468635559082e-01
1.075603887438774109e-01
1.060580909252166748e-01
1.125629022717475891e-01
1.021769419312477112e-01
1.010145172476768494e-01
9.573664516210556030e-02
9.384553879499435425e-02
1.014395132660865784e-01
1.064505875110626221e-01
1.111363396048545837e-01
1.018436178565025330e-01
1.046871840953826904e-01
1.070887818932533264e-01
1.111701950430870056e-01
1.046980097889900208e-01
1.104248166084289551e-01
1.005039513111114502e-01
1.138245984911918640e-01
1.055724695324897766e-01
1.114597991108894348e-01
9.992698580026626587e-02
1.086199954152107239e-01
1.049814596772193909e-01
