8.916662335395812988e-01
6.355571150779724121e-01
5.043118000030517578e-01
4.293360412120819092e-01
3.686407506465911865e-01
3.382486104965209961e-01
3.361257910728454590e-01
3.170495927333831787e-01
2.992627024650573730e-01
3.146624863147735596e-01
3.844023048877716064e-01
3.259059488773345947e-01
2.872053384780883789e-01
2.757607698440551758e-01
2.730485498905181885e-01
2.605372369289398193e-01
2.704236507415771484e-01
2.706976234912872314e-01
2.531469762325286865e-01
2.464419305324554443e-01
2.447984665632247925e-01
2.459781467914581299e-01
2.365482151508331299e-01
2.380382567644119263e-01
2.423404902219772339e-01
2.592668235301971436e-01
2.764385342597961426e-01
2.467622011899948120e-01
2.314239293336868286e-01
2.257951349020004272e-01
2.338282912969589233e-01
2.266661822795867920e-01
2.185127288103103638e-01
2.189921140670776367e-01
2.481126785278320312e-01
2.784086167812347412e-01
2.415562570095062256e-01
2.290652841329574585e-01
2.297644764184951782e-01
2.198166400194168091e-01
2.402518987655639648e-01
3.347252607345581055e-01
3.335049152374267578e-01
2.585357427597045898e-01
2.379349917173385620e-01
2.251344919204711914e-01
2.251375764608383179e-01
2.490608990192413330e-01
2.246925979852676392e-01
2.164936661720275879e-01
2.246832400560379028e-01
2.160547822713851929e-01
2.194814085960388184e-01
2.163807898759841919e-01
2.302455902099609375e-01
2.277963012456893921e-01
2.155335545539855957e-01
2.084668576717376709e-01
2.287943959236145020e-01
3.033702075481414795e-01
2.989667654037475586e-01
2.579415738582611084e-01
2.239725738763809204e-01
2.344171553850173950e-01
2.378401756286621094e-01
2.258778810501098633e-01
2.102097123861312866e-01
2.151621282100677490e-01
2.095779776573181152e-01
2.097034305334091187e-01
2.086338847875595093e-01
2.380107939243316650e-01
2.584519684314727783e-01
3.198223412036895752e-01
2.880482375621795654e-01
2.752365469932556152e-01
2.523150146007537842e-01
2.377949953079223633e-01
2.182032018899917603e-01
2.063539624214172363e-01
2.068948298692703247e-01
2.000957280397415161e-01
2.058535814285278320e-01
2.033734470605850220e-01
2.008569538593292236e-01
2.221009880304336548e-01
2.973292469978332520e-01
2.505952417850494385e-01
2.097999453544616699e-01
2.011708617210388184e-01
2.038819640874862671e-01
1.989196836948394775e-01
1.938421279191970825e-01
1.981716901063919067e-01
2.011567056179046631e-01
2.154896706342697144e-01
1.994204968214035034e-01
1.916559636592864990e-01
1.927454918622970581e-01
1.953013092279434204e-01
2.269193530082702637e-01
2.081167250871658325e-01
1.888864934444427490e-01
1.872328817844390869e-01
1.924313157796859741e-01
2.012718170881271362e-01
1.920990347862243652e-01
2.016233205795288086e-01
1.999621540307998657e-01
2.072308212518692017e-01
1.817308366298675537e-01
1.882281303405761719e-01
1.873672902584075928e-01
1.860474646091461182e-01
1.793134659528732300e-01
1.819938719272613525e-01
1.914803534746170044e-01
1.951366811990737915e-01
1.782236844301223755e-01
2.830234467983245850e-01
2.790928781032562256e-01
2.336553186178207397e-01
2.076680511236190796e-01
2.206356823444366455e-01
2.053273022174835205e-01
2.021458297967910767e-01
2.193679660558700562e-01
2.084962725639343262e-01
1.859010159969329834e-01
1.817307919263839722e-01
1.821705400943756104e-01
1.915249377489089966e-01
1.795945912599563599e-01
1.834173202514648438e-01
1.799627244472503662e-01
1.802306324243545532e-01
1.814528852701187134e-01
1.760845780372619629e-01
1.783365011215209961e-01
1.841666549444198608e-01
1.772701442241668701e-01
2.115584760904312134e-01
2.499108463525772095e-01
1.914486885070800781e-01
1.917105168104171753e-01
2.177668809890747070e-01
2.368922680616378784e-01
2.353025823831558228e-01
1.975473165512084961e-01
1.836233139038085938e-01
1.780173182487487793e-01
1.721008718013763428e-01
1.762024164199829102e-01
1.764930933713912964e-01
1.784643977880477905e-01
1.725154519081115723e-01
1.739724129438400269e-01
1.781373023986816406e-01
1.763382405042648315e-01
1.719466149806976318e-01
